

efield[V/m]_vs_mu[m2/Vs]
Ar
COMMENT: generated by bolsig_convert.py
-----------------------
2.414323855084169736e+03 6.755514578400000358e-01
5.200453583851301119e+03 3.850353373440000282e-01
1.120729133530071522e+04 2.173693470720000076e-01
2.414323855084169554e+04 1.211105127360000144e-01
5.200453583851300937e+04 6.668533704000001450e-02
1.120729133530071558e+05 3.960943342320000921e-02
2.414323855084169481e+05 3.869820521520001000e-02
5.200453583851300646e+05 3.719053672560000690e-02
1.120729133530071471e+06 3.419176753200000446e-02
2.414323855084169190e+06 3.152849599680000725e-02
5.200453583851301111e+06 2.908888956720000196e-02
1.120729133530071378e+07 2.681496099360000315e-02
2.414323855084169284e+07 2.491380759600000244e-02
-----------------------


efield[V/m]_vs_dif[m2/s]
Ar
COMMENT: generated by bolsig_convert.py
-----------------------
2.414323855084169736e+03 1.061166667680000231e+00
5.200453583851301119e+03 8.138924676000001135e-01
1.120729133530071522e+04 6.316468260000001056e-01
2.414323855084169554e+04 4.974477626400000130e-01
5.200453583851300937e+04 3.962600120880000465e-01
1.120729133530071558e+05 3.191369701200000297e-01
2.414323855084169481e+05 3.027762818400000500e-01
5.200453583851300646e+05 2.949894226080000403e-01
1.120729133530071471e+06 2.839718451840000379e-01
2.414323855084169190e+06 2.698892274240000666e-01
5.200453583851301111e+06 2.506705961280000228e-01
1.120729133530071378e+07 2.415997335120000367e-01
2.414323855084169284e+07 2.820251303760000217e-01
-----------------------


efield[V/m]_vs_alpha[1/m]
Ar
COMMENT: generated by bolsig_convert.py
-----------------------
2.414323855084169736e+03 0.000000000000000000e+00
5.200453583851301119e+03 0.000000000000000000e+00
1.120729133530071522e+04 0.000000000000000000e+00
2.414323855084169554e+04 0.000000000000000000e+00
5.200453583851300937e+04 0.000000000000000000e+00
1.120729133530071558e+05 7.846552529023551192e-09
2.414323855084169481e+05 6.040638285420592279e-02
5.200453583851300646e+05 6.813221919047526853e+01
1.120729133530071471e+06 2.650927592882418139e+03
2.414323855084169190e+06 2.258841398816749279e+04
5.200453583851301111e+06 9.307218461349475547e+04
1.120729133530071378e+07 2.667827859868007363e+05
2.414323855084169284e+07 5.936822359651973238e+05
-----------------------
