ELASTIC
Ne
0.00002718474 / mass ratio
SCALING: 1.0 1.0e-20
-----------------------------------------------------------------
0.0	0.161
3E-4	0.192
1E-3	0.214
0.002	0.229
0.003	0.241
0.004	0.253
0.005	0.263
0.006	0.274
0.008	0.294
0.01	0.314
0.012	0.33
0.015	0.353
0.02	0.386
0.025	0.415
0.03	0.442
0.04	0.491
0.05	0.535
0.06	0.576
0.07	0.611
0.08	0.646
0.1	0.707
0.12	0.762
0.15	0.835
0.2	0.94
0.25	1.03
0.3	1.11
0.4	1.23
0.5	1.33
0.6	1.415
0.7	1.48
0.8	1.535
1.0	1.62
1.2	1.685
1.5	1.75
2.0	1.83
2.5	1.88
3.0	1.92
4.0	1.99
5.0	2.07
6.0	2.14
7.0	2.22
8.0	2.27
10.0	2.42
12.0	2.54
15.0	2.73
16.62	2.7948
16.65	2.796
16.67	2.7968
16.7	2.798
16.72	2.7988
16.75	2.8
16.8	2.802
16.85	2.804
16.9	2.806
16.95	2.808
17.0	2.81
17.1	2.814
17.2	2.818
17.3	2.822
17.4	2.826
17.5	2.83
17.6	2.834
17.65	2.836
17.8	2.842
18.0	2.85
18.1	2.854
18.2	2.858
18.3	2.862
18.38	2.8652
18.4	2.866
18.44	2.8676
18.46	2.8684
18.49	2.8696
18.5	2.87
18.55	2.872
18.58	2.8732
18.6	2.874
18.61	2.8744
18.64	2.8756
18.65	2.876
18.67	2.8768
18.7	2.878
18.75	2.88
18.8	2.882
18.85	2.884
18.9	2.886
18.92	2.8868
18.97	2.8888
19.0	2.89
19.05	2.892
19.1	2.894
19.15	2.896
19.2	2.898
19.5	2.91
19.66	2.9164
19.7	2.918
19.8	2.922
20.0	2.93
20.2	2.9308
20.5	2.932
20.7	2.9328
21.0	2.934
21.5	2.936
21.56	2.93624
21.7	2.9368
22.0	2.938
22.2	2.9388
22.5	2.94
23.0	2.942
23.5	2.944
24.0	2.946
24.5	2.948
25.0	2.95
25.5	2.946
26.0	2.942
26.5	2.938
27.0	2.934
27.5	2.93
28.0	2.926
28.5	2.922
29.0	2.918
29.5	2.914
30.0	2.91
30.5	2.9015
31.0	2.893
31.5	2.8845
32.0	2.876
33.0	2.859
34.0	2.842
35.0	2.825
36.0	2.808
37.0	2.791
38.0	2.774
39.0	2.757
40.0	2.74
43.0	2.665
45.0	2.615
50.0	2.49
55.0	2.355
60.0	2.22
65.0	2.115
70.0	2.01
75.0	1.905
80.0	1.8
85.0	1.71
90.0	1.62
95.0	1.53
100.0	1.44
110.0	1.315
120.0	1.19
130.0	1.086
140.0	0.982
150.0	0.878
160.0	0.8256
175.0	0.747
180.0	0.7208
187.5	0.6815
200.0	0.616
250.0	0.466
300.0	0.372
350.0	0.3155
390.0	0.2703
400.0	0.259
450.0	0.226
500.0	0.193
600.0	0.15
700.0	0.1255
800.0	0.101
900.0	0.08655
1000.0	0.07209
-----------------------------------------------------------------

EXCITATION
Ne
16.62 / energy threshold
SCALING: 1.0 1.0e-20
---------------------------------------------------------------------
0.0	0.0
16.62	0.0
16.65	4E-4
16.67	6.4E-4
16.7	1E-3
16.72	0.00126
16.75	0.00166
16.8	0.00207
16.85	0.00289
16.9	0.00439
16.95	0.00358
17.0	0.00268
17.1	0.00216
17.2	0.00203
17.3	0.00205
17.4	0.00211
17.5	0.00221
17.6	0.00236
17.65	0.00244
17.8	0.00268
18.0	0.00304
18.1	0.00325
18.2	0.00345
18.3	0.00358
18.38	0.00363
18.4	0.00358
18.44	0.00337
18.46	0.00338
18.49	0.00335
18.5	0.00338
18.55	0.00407
18.58	0.00683
18.6	0.0052
18.61	0.00468
18.64	0.00553
18.65	0.00494
18.67	0.00764
18.7	0.00569
18.75	0.00382
18.8	0.00356
18.85	0.00358
18.9	0.00356
18.92	0.00356
18.97	0.00488
19.0	0.00398
19.05	0.00397
19.1	0.004
19.15	0.0041
19.2	0.00421
19.5	0.00484
19.66	0.00518
19.7	0.00526
19.8	0.00548
20.0	0.0059
20.2	0.00626
20.5	0.0068
20.7	0.00716
21.0	0.0077
21.5	0.00825
21.56	0.00832
21.7	0.00847
22.0	0.0088
22.2	0.00896
22.5	0.0092
23.0	0.0096
23.5	0.0098
24.0	0.01
24.5	0.01015
25.0	0.0103
25.5	0.01038
26.0	0.01045
26.5	0.01047
27.0	0.0105
27.5	0.01045
28.0	0.0104
28.5	0.01035
29.0	0.0103
29.5	0.0102
30.0	0.0101
30.5	0.00995
31.0	0.0098
31.5	0.0096
32.0	0.0094
33.0	0.009
34.0	0.0085
35.0	0.008
36.0	0.00766
37.0	0.00732
38.0	0.00698
39.0	0.00664
40.0	0.0063
43.0	0.00561
45.0	0.00515
50.0	0.00425
55.0	0.00365
60.0	0.00305
65.0	0.00267
70.0	0.0023
75.0	0.00205
80.0	0.0018
85.0	0.00162
90.0	0.00144
95.0	0.00131
100.0	0.00118
110.0	0.00102
120.0	8.5E-4
130.0	7.5E-4
140.0	6.6E-4
150.0	5.6E-4
160.0	5.2E-4
175.0	4.5E-4
180.0	4.3E-4
187.5	3.9E-4
200.0	3.4E-4
250.0	2.5E-4
300.0	1.6E-4
350.0	1.2E-4
390.0	1E-4
400.0	1E-4
450.0	7E-5
500.0	6E-5
600.0	4E-5
700.0	3E-5
800.0	2.4E-5
900.0	2E-5
1000.0	0.0
-----------------------------------------------------------------

EXCITATION
Ne
16.67 / energy threshold
SCALING: 1.0 1.0e-20
---------------------------------------------------------------------
0.0	0.0
16.67	0.0
16.7	1.8E-4
16.72	3.1E-4
16.75	4.9E-4
16.8	8E-4
16.85	0.0011
16.9	0.00195
16.95	0.0028
17.0	0.0026
17.1	0.00225
17.2	0.0019
17.3	0.00185
17.4	0.0018
17.5	0.0018
17.6	0.0018
17.65	0.00185
17.8	0.002
18.0	0.0022
18.1	0.0023
18.2	0.0024
18.3	0.0025
18.38	0.00258
18.4	0.0026
18.44	0.00266
18.46	0.00269
18.49	0.00273
18.5	0.00275
18.55	0.00282
18.58	0.00287
18.6	0.0029
18.61	0.00301
18.64	0.00334
18.65	0.00345
18.67	0.00367
18.7	0.004
18.75	0.0035
18.8	0.003
18.85	0.00308
18.9	0.00315
18.92	0.00318
18.97	0.00325
19.0	0.0033
19.05	0.00335
19.1	0.0034
19.15	0.00345
19.2	0.0035
19.5	0.0038
19.66	0.00396
19.7	0.004
19.8	0.0041
20.0	0.0043
20.2	0.00446
20.5	0.0047
20.7	0.00486
21.0	0.0051
21.5	0.00545
21.56	0.00549
21.7	0.00559
22.0	0.0058
22.2	0.00596
22.5	0.0062
23.0	0.0066
23.5	0.00705
24.0	0.0075
24.5	0.00795
25.0	0.0084
25.5	0.0088
26.0	0.0092
26.5	0.0095
27.0	0.0098
27.5	0.0101
28.0	0.0104
28.5	0.01065
29.0	0.0109
29.5	0.01125
30.0	0.0116
30.5	0.01165
31.0	0.0117
31.5	0.0118
32.0	0.0119
33.0	0.012
34.0	0.012
35.0	0.0121
36.0	0.01205
37.0	0.012
38.0	0.01195
39.0	0.0119
40.0	0.0119
43.0	0.01154
45.0	0.0113
50.0	0.0108
55.0	0.0103
60.0	0.0098
65.0	0.00945
70.0	0.0091
75.0	0.0088
80.0	0.0085
85.0	0.00828
90.0	0.00805
95.0	0.00783
100.0	0.0076
110.0	0.0073
120.0	0.007
130.0	0.00675
140.0	0.0065
150.0	0.00628
160.0	0.00605
175.0	0.00581
180.0	0.00573
187.5	0.0056
200.0	0.0054
250.0	0.00493
300.0	0.00445
350.0	0.0042
390.0	0.004
400.0	0.00395
450.0	0.00371
500.0	0.00346
600.0	0.00326
700.0	0.00306
800.0	0.00285
900.0	0.00265
1000.0	0.00245
-----------------------------------------------------------------

EXCITATION
Ne
16.72 / energy threshold
SCALING: 1.0 1.0e-20
---------------------------------------------------------------------
0.0	0.0
16.72	0.0
16.75	1.4E-4
16.8	3.1E-4
16.85	6.5E-4
16.9	0.00101
16.95	8.2E-4
17.0	6.2E-4
17.1	5E-4
17.2	4.7E-4
17.3	4.7E-4
17.4	4.9E-4
17.5	5.1E-4
17.6	5.4E-4
17.65	5.6E-4
17.8	6.2E-4
18.0	7E-4
18.1	7.5E-4
18.2	7.9E-4
18.3	8.2E-4
18.38	8.4E-4
18.4	8.2E-4
18.44	7.7E-4
18.46	7.8E-4
18.49	7.7E-4
18.5	7.8E-4
18.55	9.4E-4
18.58	0.00157
18.6	0.0012
18.61	0.00108
18.64	0.00127
18.65	0.00114
18.67	0.00176
18.7	0.00131
18.75	8.8E-4
18.8	8.2E-4
18.85	8.2E-4
18.9	8.2E-4
18.92	8.2E-4
18.97	0.00112
19.0	9.2E-4
19.05	9.1E-4
19.1	9.2E-4
19.15	9.4E-4
19.2	9.7E-4
19.5	0.00117
19.66	0.00128
19.7	0.0013
19.8	0.00137
20.0	0.0015
20.2	0.00157
20.5	0.00166
20.7	0.00173
21.0	0.00183
21.5	0.00195
21.56	0.00196
21.7	0.00199
22.0	0.00206
22.2	0.00209
22.5	0.00214
23.0	0.00222
23.5	0.00227
24.0	0.00233
24.5	0.00237
25.0	0.0024
25.5	0.00241
26.0	0.00242
26.5	0.00241
27.0	0.00241
27.5	0.0024
28.0	0.00239
28.5	0.00237
29.0	0.00235
29.5	0.00234
30.0	0.00233
30.5	0.00231
31.0	0.00228
31.5	0.00225
32.0	0.00223
33.0	0.00218
34.0	0.00213
35.0	0.00208
36.0	0.00202
37.0	0.00196
38.0	0.0019
39.0	0.00184
40.0	0.00178
43.0	0.00161
45.0	0.0015
50.0	0.00122
55.0	9.9E-4
60.0	7.7E-4
65.0	6.2E-4
70.0	4.8E-4
75.0	4E-4
80.0	3.2E-4
85.0	2.7E-4
90.0	2.1E-4
95.0	1.9E-4
100.0	1.6E-4
110.0	1.2E-4
120.0	9E-5
130.0	7E-5
140.0	6E-5
150.0	5E-5
160.0	4E-5
175.0	3E-5
180.0	3E-5
187.5	3E-5
200.0	2E-5
250.0	1E-5
300.0	1E-5
350.0	1E-5
390.0	1E-5
400.0	1E-5
450.0	1E-5
500.0	1E-5
600.0	0.0
700.0	0.0
800.0	0.0
900.0	0.0
1000.0	0.0
-----------------------------------------------------------------

EXCITATION
Ne
16.85
SCALING: 1.0 1.0e-20
---------------------------------------------------------------------
0.0	0.0
16.85	0.0
16.9	0.00595
16.95	0.0119
17.0	0.011
17.1	0.0095
17.2	0.008
17.3	0.0078
17.4	0.0076
17.5	0.0077
17.6	0.0078
17.65	0.00797
17.8	0.0085
18.0	0.0094
18.1	0.00985
18.2	0.0103
18.3	0.01065
18.38	0.01093
18.4	0.011
18.44	0.01128
18.46	0.01142
18.49	0.01163
18.5	0.0117
18.55	0.01205
18.58	0.01226
18.6	0.0124
18.61	0.01286
18.64	0.01424
18.65	0.0147
18.67	0.01562
18.7	0.017
18.75	0.01495
18.8	0.0129
18.85	0.01318
18.9	0.01345
18.92	0.01356
18.97	0.01383
19.0	0.014
19.05	0.01427
19.1	0.01455
19.15	0.01482
19.2	0.0151
19.5	0.01675
19.66	0.01763
19.7	0.01785
19.8	0.0184
20.0	0.0195
20.2	0.0207
20.5	0.0225
20.7	0.0237
21.0	0.0255
21.5	0.0285
21.56	0.02886
21.7	0.0297
22.0	0.0315
22.2	0.0327
22.5	0.0345
23.0	0.0375
23.5	0.0405
24.0	0.0435
24.5	0.04575
25.0	0.048
25.5	0.051
26.0	0.054
26.5	0.0565
27.0	0.059
27.5	0.06125
28.0	0.0635
28.5	0.06575
29.0	0.068
29.5	0.07
30.0	0.072
30.5	0.07337
31.0	0.07475
31.5	0.07612
32.0	0.0775
33.0	0.08
34.0	0.0825
35.0	0.085
36.0	0.0872
37.0	0.0894
38.0	0.0916
39.0	0.0938
40.0	0.096
43.0	0.1002
45.0	0.103
50.0	0.109
55.0	0.112
60.0	0.113
65.0	0.115
70.0	0.116
75.0	0.116
80.0	0.116
85.0	0.1145
90.0	0.113
95.0	0.111
100.0	0.109
110.0	0.106
120.0	0.103
130.0	0.099
140.0	0.095
150.0	0.0915
160.0	0.088
175.0	0.08388
180.0	0.0825
187.5	0.08119
200.0	0.079
250.0	0.069
300.0	0.062
350.0	0.055
390.0	0.0515
400.0	0.051
450.0	0.0458
500.0	0.042
600.0	0.04
700.0	0.0357
800.0	0.0337
900.0	0.0306
1000.0	0.0285
-----------------------------------------------------------------

EXCITATION
Ne
18.38
SCALING: 1.0 1.0e-20
---------------------------------------------------------------------
0.0	0.0
18.38	0.0
18.4	0.0013
18.44	0.0019
18.46	0.0022
18.49	0.00265
18.5	0.0028
18.55	0.00342
18.58	0.0038
18.6	0.00405
18.61	0.00418
18.64	0.00455
18.65	0.00467
18.67	0.00492
18.7	0.0053
18.75	0.00583
18.8	0.00637
18.85	0.0069
18.9	0.00743
18.92	0.00765
18.97	0.00818
19.0	0.0085
19.05	0.009
19.1	0.0095
19.15	0.01
19.2	0.0105
19.5	0.0135
19.66	0.01491
19.7	0.01526
19.8	0.01614
20.0	0.0179
20.2	0.01904
20.5	0.02075
20.7	0.02189
21.0	0.0236
21.5	0.0253
21.56	0.0255
21.7	0.02598
22.0	0.027
22.2	0.02754
22.5	0.02835
23.0	0.0297
23.5	0.0306
24.0	0.0315
24.5	0.0319
25.0	0.0323
25.5	0.03245
26.0	0.0326
26.5	0.0326
27.0	0.0326
27.5	0.03245
28.0	0.0323
28.5	0.0321
29.0	0.0319
29.5	0.03157
30.0	0.03124
30.5	0.03098
31.0	0.03072
31.5	0.03046
32.0	0.0302
33.0	0.0297
34.0	0.0292
35.0	0.0289
36.0	0.0286
37.0	0.02842
38.0	0.02825
39.0	0.02807
40.0	0.0279
43.0	0.02686
45.0	0.02617
50.0	0.02444
55.0	0.02327
60.0	0.0221
65.0	0.02125
70.0	0.0204
75.0	0.01955
80.0	0.0187
85.0	0.01808
90.0	0.01745
95.0	0.01683
100.0	0.0162
110.0	0.0154
120.0	0.0146
130.0	0.0139
140.0	0.0132
150.0	0.0125
160.0	0.01208
175.0	0.01145
180.0	0.01124
187.5	0.01093
200.0	0.0104
250.0	0.0092
300.0	0.008
350.0	0.00744
390.0	0.0071
400.0	0.0068
450.0	0.0064
500.0	0.006
600.0	0.00545
700.0	0.00487
800.0	0.0045
900.0	0.00408
1000.0	0.0037
-----------------------------------------------------------------

EXCITATION
Ne
18.97
SCALING: 1.0 1.0e-20
---------------------------------------------------------------------
0.0	0.0
18.97	0.0
19.0	1E-4
19.05	2.8E-4
19.1	4.5E-4
19.15	6.3E-4
19.2	8E-4
19.5	0.0017
19.66	0.0021
19.7	0.0022
19.8	0.00247
20.0	0.003
20.2	0.0035
20.5	0.0042
20.7	0.00476
21.0	0.0056
21.5	0.0067
21.56	0.00683
21.7	0.00714
22.0	0.0078
22.2	0.00824
22.5	0.0089
23.0	0.01
23.5	0.011
24.0	0.012
24.5	0.013
25.0	0.014
25.5	0.01485
26.0	0.0157
26.5	0.01655
27.0	0.0174
27.5	0.0182
28.0	0.019
28.5	0.0197
29.0	0.0204
29.5	0.02085
30.0	0.0213
30.5	0.02185
31.0	0.0224
31.5	0.02275
32.0	0.0231
33.0	0.0238
34.0	0.0242
35.0	0.0246
36.0	0.02478
37.0	0.02496
38.0	0.02514
39.0	0.02532
40.0	0.0255
43.0	0.02526
45.0	0.0251
50.0	0.0243
55.0	0.02315
60.0	0.022
65.0	0.02095
70.0	0.0199
75.0	0.019
80.0	0.0181
85.0	0.01745
90.0	0.0168
95.0	0.01605
100.0	0.0153
110.0	0.01415
120.0	0.013
130.0	0.01215
140.0	0.0113
150.0	0.01065
160.0	0.01
175.0	0.00925
180.0	0.009
187.5	0.0087
200.0	0.0082
250.0	0.00684
300.0	0.00588
350.0	0.00505
390.0	0.0046
400.0	0.00446
450.0	0.00393
500.0	0.0037
600.0	0.00307
700.0	0.00261
800.0	0.00235
900.0	0.0021
1000.0	0.00183
-----------------------------------------------------------------

EXCITATION
Ne
19.66
SCALING: 1.0 1.0e-20
---------------------------------------------------------------------
0.0	0.0
19.66	0.0
19.7	4E-5
19.8	1.5E-4
20.0	4E-4
20.2	0.00105
20.5	0.0018
20.7	0.0027
21.0	0.0038
21.5	0.0059
21.56	0.0062
21.7	0.0069
22.0	0.0084
22.2	0.00916
22.5	0.0103
23.0	0.0122
23.5	0.0139
24.0	0.0156
24.5	0.017
25.0	0.0184
25.5	0.01975
26.0	0.0211
26.5	0.02225
27.0	0.0234
27.5	0.0243
28.0	0.0252
28.5	0.026
29.0	0.0268
29.5	0.0275
30.0	0.0282
30.5	0.0286
31.0	0.029
31.5	0.0295
32.0	0.03
33.0	0.0304
34.0	0.031
35.0	0.0318
36.0	0.032
37.0	0.0323
38.0	0.0326
39.0	0.0328
40.0	0.033
43.0	0.0329
45.0	0.0327
50.0	0.031
55.0	0.0296
60.0	0.0282
65.0	0.0271
70.0	0.026
75.0	0.02505
80.0	0.0241
85.0	0.0233
90.0	0.0225
95.0	0.0218
100.0	0.0211
110.0	0.0201
120.0	0.0191
130.0	0.0183
140.0	0.0175
150.0	0.01685
160.0	0.0162
175.0	0.01545
180.0	0.0152
187.5	0.01483
200.0	0.0142
250.0	0.0125
300.0	0.0113
350.0	0.01035
390.0	0.0095
400.0	0.00931
450.0	0.00873
500.0	0.008
600.0	0.0072
700.0	0.0067
800.0	0.0063
900.0	0.0059
1000.0	0.00555
-----------------------------------------------------------------

IONIZATION
Ne
21.56
SCALING: 1.0 1.0e-20
---------------------------------------------------------------------
0.0	0.0
21.56	0.0
21.7	1E-3
22.0	0.0033
22.2	0.0056
22.5	0.0089
23.0	0.0146
23.5	0.0202
24.0	0.026
24.5	0.0321
25.0	0.038
25.5	0.0438
26.0	0.0498
26.5	0.0567
27.0	0.0632
27.5	0.0697
28.0	0.0762
28.5	0.0825
29.0	0.088
29.5	0.0959
30.0	0.102
30.5	0.108
31.0	0.115
31.5	0.121
32.0	0.128
33.0	0.142
34.0	0.154
35.0	0.167
36.0	0.18
37.0	0.1925
38.0	0.205
39.0	0.2165
40.0	0.228
43.0	0.2604
45.0	0.282
50.0	0.338
55.0	0.392
60.0	0.436
65.0	0.477
70.0	0.514
75.0	0.547
80.0	0.577
85.0	0.605
90.0	0.628
95.0	0.649
100.0	0.667
110.0	0.7
120.0	0.725
130.0	0.743
140.0	0.757
150.0	0.773
160.0	0.7762
175.0	0.781
180.0	0.7818
187.5	0.783
200.0	0.781
250.0	0.757
300.0	0.722
350.0	0.686
390.0	0.6588
400.0	0.652
450.0	0.616
500.0	0.587
600.0	0.528
700.0	0.484
800.0	0.444
900.0	0.414
1000.0	0.386
-----------------------------------------------------------------
