COMMENT
N2
Data from Sasa Dujko
------------------------------------------

ELASTIC
N2
  1.950e-5 / mass ratio
COMMENT: elastic-mometum-transfer-cross-section
SCALING: 1.0 1.0e-20
--------------------------------------------------------------------
0.0000	1.1000
0.0100	2.1900
0.0150	2.5500
0.0200	2.8500
0.0300	3.3800
0.0400	3.8200
0.0500	4.3000
0.0700	5.0800
0.1000	5.9200
0.1200	6.4200
0.1500	7.0800
0.1700	7.3800
0.2000	7.8800
0.2500	8.4800
0.3000	8.9800
0.3500	9.3600
0.4000	9.6700
0.5000	9.8700
0.7000	9.9700
1.0000	9.9600
1.2000	10.340
1.3000	10.920
1.5000	11.870
1.7000	13.470
1.9000	16.410
2.1000	16.850
2.2000	18.020
2.5000	17.920
2.8000	21.000
3.0000	17.200
3.3000	15.300
3.6000	13.960
4.0000	12.420
4.5000	11.190
5.0000	10.860
6.0000	10.360
7.0000	10.000
8.0000	10.200
10.000	9.9000
12.000	9.5000
15.000	8.7000
17.000	8.2600
20.000	7.6000
25.000	6.7000
30.000	5.9000
50.000	3.8000
75.000	2.5600
100.00	1.8000
150.00	1.1300
200.00	0.8000
300.00	0.4800
500.00	0.2300
700.00	0.1430
1000.0	0.0770
1059.3	6.9246E-2
1122.0	6.2280E-2
1188.5	5.6003E-2
1258.9	5.0357E-2
1333.5	4.5276E-2
1412.5	4.0706E-2
1496.2	3.6593E-2
1584.9	3.2893E-2
1678.8	2.9566E-2
1778.3	2.6573E-2
1883.6	2.3884E-2
1995.3	2.1462E-2
2113.5	1.9286E-2
2238.7	1.7330E-2
2371.4	1.5571E-2
2511.9	1.3990E-2
2660.7	1.2568E-2
2818.4	1.1290E-2
2985.4	1.0142E-2
3162.3	9.1098E-3
3349.7	8.1821E-3
3548.1	7.3489E-3
3758.4	6.5997E-3
3981.1	5.9267E-3
4217.0	5.3220E-3
4466.8	4.7790E-3
4731.5	4.2909E-3
5011.9	3.8525E-3
5308.8	3.4588E-3
5623.4	3.1051E-3
5956.6	2.7874E-3
6309.6	2.5021E-3
6683.4	2.2459E-3
7079.5	2.0158E-3
7498.9	1.8093E-3
7943.3	1.6238E-3
8414.0	1.4572E-3
8912.5	1.3077E-3
9440.6	1.1735E-3
10000.0	1.0530E-3
--------------------------------------------------------------------

EXCITATION
N2 -> N2(rot)
  2.0e-2 / threshold energy
COMMENT: rotational-excitation
UPDATED: 2010-06-23 11:41:34
SCALING: 1.0 1.0e-20
--------------------------------------------------------------------
0.0000	0.00000
0.0200	0.00000
0.0300	0.02500
0.0400	0.02500
0.0500	0.02500
0.0700	0.02500
0.1000	0.02500
0.1200	0.02500
0.1500	0.02500
0.1700	0.02500
0.2000	0.02500
0.2500	0.02500
0.2900	0.02500
0.2910	0.02500
0.3000	0.02500
0.3300	0.02500
0.3500	0.02500
0.4000	0.02500
0.5000	0.02500
0.5900	0.02500
0.7000	0.02500
0.7500	0.02500
0.8000	0.02500
0.8800	0.02940
0.9000	0.03050
1.0000	0.03600
1.1000	0.04150
1.1600	0.04480
1.1700	0.04535
1.2000	0.04700
1.2200	0.04895
1.3000	0.05675
1.4000	0.06650
1.4700	0.07333
1.5000	0.07625
1.6000	0.08600
1.6500	0.05050
1.7000	0.01500
1.7600	0.14700
1.8000	0.23500
1.9000	1.08000
2.0000	1.90000
2.0600	1.97800
2.1000	2.03000
2.2000	2.77000
2.3000	2.50000
2.3500	2.34500
2.4000	2.19000
2.5000	2.40000
2.6000	2.17000
2.7000	1.62000
2.7500	1.50000
2.8000	1.38000
2.9000	1.18000
3.0000	1.03000
3.1000	0.84000
3.2000	0.69000
3.3000	0.50000
3.4000	0.39000
3.5000	0.28000
3.6000	0.17000
4.0000	0.12143
4.5000	0.06071
5.0000	0.00000
6.0000	0.00000
250.0	0.0
1000.0	0.0
--------------------------------------------------------------------

EXCITATION
N2 -> N2(v1)
  2.9e-1 / threshold energy
COMMENT: vibrational-excitation-(v=1)-non-resonant-part
SCALING: 1.0 1.0e-20
--------------------------------------------------------------------
0.0000	0.00000
0.2900	0.00000
0.2910	0.00010
0.3000	0.00100
0.3300	0.00170
0.3500	0.00193
0.4000	0.00250
0.5000	0.00284
0.5900	0.00315
0.7000	0.00353
0.7500	0.00370
0.8000	0.00430
0.8800	0.00526
0.9000	0.00550
1.0000	0.00650
1.1000	0.00900
1.1600	0.01100
1.1700	0.01137
1.2000	0.01250
1.2200	0.01350
1.3000	0.03861
1.4000	0.07000
1.4700	0.09100
1.5000	0.10000
1.6000	0.15000
1.6500	0.00000
1.7000	0.00000
3.5000	0.00000
3.6000	0.00000
4.0000	0.05500
4.5000	0.04500
5.0000	0.03500
6.0000	0.03500
6.1700	0.03500
7.0000	0.03500
7.3000	0.03500
7.3500	0.03500
7.3600	0.03500
7.8000	0.03500
8.0000	0.03500
8.1000	0.03500
8.1600	0.03500
8.4000	0.03500
8.5000	0.03500
8.5500	0.03500
8.7000	0.03500
8.8900	0.03500
9.0000	0.03500
10.0000	0.03500
11.0000	0.03500
11.0300	0.03500
11.5000	0.03500
11.8700	0.03500
12.0000	0.03500
12.2500	0.03500
12.5000	0.03500
12.7000	0.03500
12.9200	0.03500
13.0000	0.03500
13.5000	0.03500
13.8000	0.03500
14.0000	0.03500
14.2000	0.03500
14.5000	0.03500
15.0000	0.03500
15.6000	0.03600
16.0000	0.03667
16.5000	0.03750
17.0000	0.03833
17.5000	0.03917
18.0000	0.04000
18.5000	0.04625
18.7510	0.04939
19.0000	0.05250
19.5000	0.05875
20.0000	0.06500
21.0000	0.07500
22.0000	0.08500
23.0000	0.08500
24.0000	0.07250
25.0000	0.06000
26.0000	0.05250
28.0000	0.03750
29.0000	0.03000
30.0000	0.02500
32.0000	0.01500
34.0000	0.01467
36.0000	0.01433
38.0000	0.01400
40.0000	0.01367
45.0000	0.01283
50.0000	0.01200
60.0000	0.00800
70.0000	0.00400
75.0000	0.00200
80.0000	0.00000
100.000	0.00000
250.0	0.0
1000.0	0.0
--------------------------------------------------------------------

EXCITATION
N2 -> N2(v1)
  2.91e-1 / threshold energy
COMMENT: vibrational-excitation-(v=1)-resonant-part
SCALING: 1.0 1.0e-20
--------------------------------------------------------------------
0.0000	0.00000
0.2910	0.00000
1.6000	0.00000
1.6500	0.27000
1.7000	0.31500
1.7600	0.45000
1.8000	0.54000
1.9000	1.48500
2.0000	4.80000
2.0600	3.45900
2.1000	2.56500
2.2000	1.20000
2.3000	4.50000
2.3500	3.63000
2.4000	2.76000
2.5000	1.59000
2.6000	3.15000
2.7000	1.54500
2.7500	0.60000
2.8000	1.35000
2.9000	0.52500
3.0000	0.87000
3.1000	1.17000
3.2000	0.85500
3.3000	0.66000
3.4000	0.60000
3.5000	0.58500
3.6000	0.57000
4.0000	0.00000
4.5000	0.00000
250.0	0.0
1000.0	0.0
--------------------------------------------------------------------

EXCITATION
N2 -> N2(v2)
  5.9e-1 / threshold energy
COMMENT: vibrational-excitation-(v=2)-
SCALING: 1.0 1.0e-20
--------------------------------------------------------------------
0.0000	0.00000
0.5900	0.00000
1.7000	0.00000
1.7600	0.00900
1.8000	0.01500
1.9000	0.63000
2.0000	1.93500
2.0600	2.75400
2.1000	3.30000
2.2000	1.47000
2.3000	0.54000
2.3500	1.32750
2.4000	2.11500
2.5000	3.00000
2.6000	0.54000
2.7000	1.05000
2.7500	1.72500
2.8000	1.27500
2.9000	0.33000
3.0000	0.90000
3.1000	0.64500
3.2000	0.37500
3.3000	0.34500
3.4000	0.30000
3.5000	0.21300
3.6000	0.00000
4.0000	0.00000
250.0	0.0
1000.0	0.0
--------------------------------------------------------------------

EXCITATION
N2 -> N2(v3)
  8.8e-1 / threshold energy
COMMENT: vibrational-excitation-(v=3)-
SCALING: 1.0 1.0e-20
--------------------------------------------------------------------
0.0000	0.00000
1.9000	0.00000
2.0000	0.96000
2.0600	1.61700
2.1000	2.05500
2.2000	2.70000
2.3000	1.69500
2.3500	0.88500
2.4000	0.07500
2.5000	0.96000
2.6000	1.47000
2.7000	0.45000
2.7500	0.96000
2.8000	0.54000
2.9000	0.85500
3.0000	0.40500
3.1000	0.28200
3.2000	0.29100
3.3000	0.06150
3.4000	0.00000
3.5000	0.00000
250.0	0.0
1000.0	0.0
--------------------------------------------------------------------

EXCITATION
N2 -> N2(v4)
  1.170e0 / threshold energy
COMMENT: vibrational-excitation-(v=4)-
SCALING: 1.0 1.0e-20
--------------------------------------------------------------------
0.0000	0.00000
2.0000	0.00000
2.0600	0.12150
2.1000	0.20250
2.2000	1.51500
2.3000	2.38500
2.3500	1.91250
2.4000	1.44000
2.5000	0.55500
2.6000	0.08250
2.7000	1.20000
2.7500	1.09500
2.8000	0.67500
2.9000	0.03000
3.0000	0.33000
3.1000	0.31500
3.2000	0.06000
3.3000	0.00000
3.4000	0.00000
250.0	0.0
1000.0	0.0
--------------------------------------------------------------------

EXCITATION
N2 -> N2(v5)
  1.47e0 / threshold energy
COMMENT: vibrational-excitation-(v=5)-
SCALING: 1.0 1.0e-20
--------------------------------------------------------------------
0.0000	0.00000
2.1000	0.00000
2.2000	0.82500
2.3000	1.23000
2.3500	1.38000
2.4000	1.53000
2.5000	1.44000
2.6000	0.34500
2.7000	0.02250
2.7500	0.34500
2.8000	0.54000
2.9000	0.66000
3.0000	0.21750
3.1000	0.10500
3.2000	0.31500
3.3000	0.10350
3.4000	0.00000
3.5000	0.00000
250.0	0.0
1000.0	0.0
--------------------------------------------------------------------

EXCITATION
N2 -> N2(v6)
  1.76e0 / threshold energy
COMMENT: vibrational-excitation-(v=6)-
SCALING: 1.0 1.0e-20
--------------------------------------------------------------------
0.0000	0.00000
2.2000	0.00000
2.3000	0.00630
2.3500	0.56565
2.4000	1.12500
2.5000	1.74000
2.6000	1.38000
2.7000	0.78000
2.7500	0.45000
2.8000	0.31500
2.9000	0.24600
3.0000	0.48000
3.1000	0.16350
3.2000	0.00000
3.3000	0.00000
250.0 	0.0
1000.0	0.0
--------------------------------------------------------------------

EXCITATION
N2 -> N2(v7)
  2.06e0 / threshold energy
COMMENT: vibrational-excitation-(v=7)-
SCALING: 1.0 1.0e-20
--------------------------------------------------------------------
0.0000	0.00000
2.3000	0.00000
2.3500	0.00630
2.4000	0.01260
2.5000	0.39000
2.6000	0.66000
2.7000	0.96000
2.7500	0.79500
2.8000	0.60000
2.9000	0.18000
3.0000	0.00630
3.1000	0.19200
3.2000	0.20400
3.3000	0.07800
3.4000	0.01890
3.5000	0.00000
3.6000	0.00000
250.0	0.0
1000.0	0.0
--------------------------------------------------------------------

EXCITATION
N2 -> N2(v8)
  2.35e0 / threshold energy
COMMENT: vibrational-excitation-(v=8)-
SCALING: 1.0 1.0e-20
--------------------------------------------------------------------
0.0000	0.00000
2.5000	0.00000
2.6000	0.01890
2.7000	0.36000
2.7500	0.36000
2.8000	0.33000
2.9000	0.34500
3.0000	0.26400
3.1000	0.03750
3.2000	0.00630
3.3000	0.15450
3.4000	0.02520
3.5000	0.00000
3.6000	0.00000
250.0	0.0
1000.0	0.0
--------------------------------------------------------------------

EXCITATION
N2 -> N2(A3SIGMAu+ V=0-4)
  6.170e0 / threshold energy
COMMENT: electronic-excitation-(A3SIGMAu+ V=0-4)-
SCALING: 1.0 1.0e-20
--------------------------------------------------------------------
0.0000	0.00000
6.1700	0.00000
7.0000	0.00100
7.3000	0.00168
7.3500	0.00179
7.3600	0.00181
7.8000	0.00280
8.0000	0.00323
8.1000	0.00344
8.1600	0.00357
8.4000	0.00409
8.5000	0.00430
8.5500	0.00439
8.7000	0.00466
8.8900	0.00500
9.0000	0.00520
10.0000	0.00820
11.0000	0.01000
11.0300	0.01006
11.5000	0.01100
11.8700	0.01174
12.0000	0.01200
12.2500	0.01225
12.5000	0.01250
12.7000	0.01270
12.9200	0.01292
13.0000	0.01300
13.5000	0.01350
13.8000	0.01380
14.0000	0.01400
14.2000	0.01410
14.5000	0.01425
15.0000	0.01450
15.6000	0.01480
16.0000	0.01500
16.5000	0.01500
17.0000	0.01500
17.5000	0.01450
18.0000	0.01400
18.5000	0.01350
18.7510	0.01325
19.0000	0.01300
19.5000	0.01250
20.0000	0.01200
21.0000	0.01100
22.0000	0.01000
23.0000	0.00945
24.0000	0.00890
25.0000	0.00825
26.0000	0.00760
28.0000	0.00675
29.0000	0.00632
30.0000	0.00590
32.0000	0.00540
34.0000	0.00490
36.0000	0.00457
38.0000	0.00423
40.0000	0.00390
45.0000	0.00365
50.0000	0.00340
60.0000	0.00205
70.0000	0.00070
75.0000	0.00066
80.0000	0.00061
100.000	0.00044
150.000	0.00000
200.000	0.00000
250.0	0.0
1000.0	0.0
--------------------------------------------------------------------

EXCITATION
N2 -> N2(A3SIGMAu+ V=5-9)
  7.0e0 / threshold energy
COMMENT: electronic-excitation-(A3SIGMAu+ V=5-9)-
SCALING: 1.0 1.0e-20
--------------------------------------------------------------------
0.0000	0.00000
7.0000	0.00000
7.3000	0.00200
7.3500	0.00230
7.3600	0.00236
7.8000	0.00500
8.0000	0.00786
8.1000	0.00929
8.1600	0.01014
8.4000	0.01357
8.5000	0.01500
8.5500	0.01570
8.7000	0.01780
8.8900	0.02046
9.0000	0.02200
10.0000	0.03400
11.0000	0.04300
11.0300	0.04321
11.5000	0.04650
11.8700	0.04909
12.0000	0.05000
12.2500	0.05125
12.5000	0.05250
12.7000	0.05350
12.9200	0.05460
13.0000	0.05500
13.5000	0.05750
13.8000	0.05900
14.0000	0.06000
14.2000	0.06050
14.5000	0.06125
15.0000	0.06250
15.6000	0.06400
16.0000	0.06500
16.5000	0.06500
17.0000	0.06500
17.5000	0.06350
18.0000	0.06200
18.5000	0.05975
18.7510	0.05862
19.0000	0.05750
19.5000	0.05525
20.0000	0.05300
21.0000	0.04900
22.0000	0.04500
23.0000	0.04150
24.0000	0.03800
25.0000	0.03550
26.0000	0.03300
28.0000	0.02900
29.0000	0.02700
30.0000	0.02500
32.0000	0.02300
34.0000	0.02100
36.0000	0.01800
38.0000	0.01500
40.0000	0.01200
45.0000	0.01300
50.0000	0.01400
60.0000	0.00845
70.0000	0.00290
75.0000	0.00272
80.0000	0.00254
100.000	0.00181
150.000	0.00000
200.000	0.00000
250.0	0.0
1000.0	0.0
--------------------------------------------------------------------

EXCITATION
N2 -> N2(B3PI)
  7.350e0 / threshold energy
COMMENT: electronic-excitation-(B3PI)-
SCALING: 1.0 1.0e-20
--------------------------------------------------------------------
0.0000	0.00000
7.3500	0.00000
7.3600	0.00056
7.8000	0.02506
8.0000	0.03620
8.1000	0.04196
8.1600	0.04542
8.4000	0.05924
8.5000	0.06500
8.5500	0.06788
8.7000	0.07652
8.8900	0.08746
9.0000	0.09380
10.0000	0.15080
11.0000	0.18630
11.0300	0.18672
11.5000	0.19330
11.8700	0.19848
12.0000	0.20030
12.2500	0.19997
12.5000	0.19965
12.7000	0.19939
12.9200	0.19910
13.0000	0.19900
13.5000	0.19030
13.8000	0.18508
14.0000	0.18160
14.2000	0.17758
14.5000	0.17155
15.0000	0.16150
15.6000	0.15142
16.0000	0.14470
16.5000	0.13770
17.0000	0.13070
17.5000	0.12530
18.0000	0.11990
18.5000	0.11772
18.7510	0.11663
19.0000	0.11555
19.5000	0.11338
20.0000	0.11120
21.0000	0.10315
22.0000	0.09510
23.0000	0.09143
24.0000	0.08775
25.0000	0.08407
26.0000	0.08040
28.0000	0.07405
29.0000	0.07087
30.0000	0.06770
32.0000	0.06200
34.0000	0.05630
36.0000	0.05183
38.0000	0.04737
40.0000	0.04290
45.0000	0.03485
50.0000	0.02680
60.0000	0.01675
70.0000	0.00670
75.0000	0.00628
80.0000	0.00586
100.000	0.00419
150.000	0.00000
200.000	0.00000
250.0	0.0
1000.0	0.0
--------------------------------------------------------------------

EXCITATION
N2 -> N2(W3DELTAu)
  7.360e0 / threshold energy
COMMENT: electronic-excitation-(W3DELTAu)-
SCALING: 1.0 1.0e-20
--------------------------------------------------------------------
0.0000	0.00000
7.3600	0.00000
7.8000	0.00124
8.0000	0.00180
8.1000	0.00658
8.1600	0.00945
8.4000	0.02092
8.5000	0.02570
8.5500	0.02809
8.7000	0.03526
8.8900	0.04434
9.0000	0.04960
10.0000	0.08040
11.0000	0.11120
11.0300	0.11214
11.5000	0.12695
11.8700	0.13860
12.0000	0.14270
12.2500	0.15049
12.5000	0.15828
12.7000	0.16450
12.9200	0.17136
13.0000	0.17385
13.5000	0.18942
13.8000	0.19877
14.0000	0.20500
14.2000	0.21104
14.5000	0.22010
15.0000	0.23520
15.6000	0.24684
16.0000	0.25460
16.5000	0.25325
17.0000	0.25190
17.5000	0.24320
18.0000	0.23450
18.5000	0.22027
18.7510	0.21313
19.0000	0.20605
19.5000	0.19183
20.0000	0.17760
21.0000	0.15480
22.0000	0.13200
23.0000	0.11725
24.0000	0.10250
25.0000	0.09345
26.0000	0.08440
28.0000	0.07240
29.0000	0.06770
30.0000	0.06300
32.0000	0.05630
34.0000	0.04960
36.0000	0.04467
38.0000	0.03973
40.0000	0.03480
45.0000	0.02745
50.0000	0.02010
60.0000	0.01510
70.0000	0.01010
75.0000	0.00920
80.0000	0.00830
100.000	0.00470
150.000	0.00000
200.000	0.00000
250.0	0.0
1000.0	0.0
--------------------------------------------------------------------

EXCITATION
N2 -> N2(A3Sigma V=10)
  7.80e0 / threshold energy
COMMENT: electronic-excitation-(A3Sigma V=10)-
SCALING: 1.0 1.0e-20
--------------------------------------------------------------------
0.0000	0.00000
7.8000	0.00000
8.0000	0.00100
8.1000	0.00150
8.1600	0.00187
8.4000	0.00337
8.5000	0.00400
8.5500	0.00475
8.7000	0.00700
8.8900	0.00953
9.0000	0.01100
10.0000	0.02900
11.0000	0.04400
11.0300	0.04421
11.5000	0.04750
11.8700	0.05009
12.0000	0.05100
12.2500	0.05225
12.5000	0.05350
12.7000	0.05450
12.9200	0.05560
13.0000	0.05600
13.5000	0.05800
13.8000	0.05920
14.0000	0.06000
14.2000	0.06060
14.5000	0.06150
15.0000	0.06300
15.6000	0.06480
16.0000	0.06600
16.5000	0.06650
17.0000	0.06700
17.5000	0.06500
18.0000	0.06300
18.5000	0.06075
18.7510	0.05962
19.0000	0.05850
19.5000	0.05625
20.0000	0.05400
21.0000	0.05000
22.0000	0.04600
23.0000	0.04250
24.0000	0.03900
25.0000	0.03600
26.0000	0.03300
28.0000	0.02950
29.0000	0.02775
30.0000	0.02600
32.0000	0.02350
34.0000	0.02100
36.0000	0.01967
38.0000	0.01833
40.0000	0.01700
45.0000	0.01600
50.0000	0.01500
60.0000	0.00900
70.0000	0.00300
75.0000	0.00281
80.0000	0.00262
100.000	0.00188
150.000	0.00000
200.000	0.00000
250.0	0.0
1000.0	0.0
--------------------------------------------------------------------

EXCITATION
N2 -> N2(B'3Sigma_u)
  8.160e0 / threshold energy
COMMENT: electronic-excitation-(B'3Sigma_u)-
SCALING: 1.0 1.0e-20
--------------------------------------------------------------------
0.0000	0.00000
8.1600	0.00000
8.4000	0.00306
8.5000	0.00433
8.5500	0.00497
8.7000	0.00688
8.8900	0.00930
9.0000	0.01070
10.0000	0.02350
11.0000	0.03690
11.0300	0.03728
11.5000	0.04325
11.8700	0.04795
12.0000	0.04960
12.2500	0.05295
12.5000	0.05630
12.7000	0.05898
12.9200	0.06193
13.0000	0.06300
13.5000	0.06935
13.8000	0.07316
14.0000	0.07570
14.2000	0.07732
14.5000	0.07975
15.0000	0.08380
15.6000	0.07936
16.0000	0.07640
16.5000	0.06900
17.0000	0.06160
17.5000	0.05525
18.0000	0.04890
18.5000	0.04490
18.7510	0.04289
19.0000	0.04090
19.5000	0.03855
20.0000	0.03620
21.0000	0.03385
22.0000	0.03150
23.0000	0.03032
24.0000	0.02915
25.0000	0.02798
26.0000	0.02680
28.0000	0.02480
29.0000	0.02380
30.0000	0.02280
32.0000	0.02110
34.0000	0.01940
36.0000	0.01830
38.0000	0.01720
40.0000	0.01610
45.0000	0.01440
50.0000	0.01270
60.0000	0.00970
70.0000	0.00670
75.0000	0.00628
80.0000	0.00586
100.000	0.00419
150.000	0.00000
200.000	0.00000
250.0	0.0
1000.0	0.0
--------------------------------------------------------------------

EXCITATION
N2 -> N2(a'1SIGMAu-)
  8.40e0 / threshold energy
COMMENT: electronic-excitation-(a'1SIGMAu-)-
SCALING: 1.0 1.0e-20
--------------------------------------------------------------------
0.0000	0.00000
8.4000	0.00000
8.5000	0.00112
8.5500	0.00168
8.7000	0.00335
8.8900	0.00547
9.0000	0.00670
10.0000	0.01845
11.0000	0.03020
11.0300	0.03055
11.5000	0.03605
11.8700	0.04038
12.0000	0.04190
12.2500	0.04482
12.5000	0.04775
12.7000	0.05009
12.9200	0.05266
13.0000	0.05360
13.5000	0.05895
13.8000	0.06216
14.0000	0.06430
14.2000	0.06538
14.5000	0.06700
15.0000	0.06970
15.6000	0.06208
16.0000	0.05700
16.5000	0.04995
17.0000	0.04290
17.5000	0.03885
18.0000	0.03480
18.5000	0.03280
18.7510	0.03180
19.0000	0.03080
19.5000	0.02915
20.0000	0.02750
21.0000	0.02565
22.0000	0.02380
23.0000	0.02195
24.0000	0.02010
25.0000	0.01932
26.0000	0.01853
28.0000	0.01697
29.0000	0.01618
30.0000	0.01540
32.0000	0.01480
34.0000	0.01420
36.0000	0.01360
38.0000	0.01300
40.0000	0.01240
45.0000	0.01225
50.0000	0.01210
60.0000	0.01110
70.0000	0.01010
75.0000	0.00989
80.0000	0.00967
100.000	0.00882
150.000	0.00670
200.000	0.00574
250.000	0.00479
300.000	0.00383
400.000	0.00191
500.000	0.00000
600.000	0.00000
1000.0	0.0
--------------------------------------------------------------------

EXCITATION
N2 -> N2(a1pig)
  8.550e0 / threshold energy
COMMENT: electronic-excitation-(a1pig)-nondissociative part
SCALING: 1.0 1.0e-20
--------------------------------------------------------------------
0.0000E+00	0.0000E+00
8.5500E+00	0.0000E+00
8.7000E+00	4.2300E-03
8.8900E+00	9.6000E-03
9.0000E+00	1.2700E-02
1.0000E+01	3.9640E-02
1.1000E+01	6.1580E-02
1.1030E+01	6.2240E-02
1.1500E+01	7.2550E-02
1.1870E+01	8.0670E-02
1.2000E+01	8.3520E-02
1.2250E+01	8.7226E-02
1.2500E+01	9.3081E-02
1.2700E+01	9.7771E-02
1.2920E+01	1.0292E-01
1.3000E+01	1.0480E-01
1.3500E+01	1.1652E-01
1.3800E+01	1.2355E-01
1.4000E+01	1.2824E-01
1.4200E+01	1.3243E-01
1.4500E+01	1.3872E-01
1.5000E+01	1.4921E-01
1.5600E+01	1.5970E-01
1.6000E+01	1.6669E-01
1.6500E+01	1.7135E-01
1.7000E+01	1.7600E-01
1.7500E+01	1.7457E-01
1.8000E+01	1.7313E-01
1.8500E+01	1.7022E-01
1.8751E+01	1.6875E-01
1.9000E+01	1.6730E-01
1.9500E+01	1.6408E-01
2.0000E+01	1.6086E-01
2.1000E+01	1.5590E-01
2.2000E+01	1.5095E-01
2.3000E+01	1.4599E-01
2.4000E+01	1.4103E-01
2.5000E+01	1.3698E-01
2.6000E+01	1.3294E-01
2.8000E+01	1.2593E-01
2.9000E+01	1.2244E-01
3.0000E+01	1.1893E-01
3.2000E+01	1.1367E-01
3.4000E+01	1.0842E-01
3.5000E+01	1.0579E-01
3.6000E+01	1.0316E-01
3.8000E+01	9.7910E-02
4.0000E+01	9.2655E-02
4.5000E+01	8.3346E-02
5.0000E+01	7.4037E-02
5.5000E+01	6.8643E-02
6.0000E+01	6.3249E-02
7.0000E+01	5.2461E-02
7.5000E+01	4.9547E-02
8.0000E+01	4.6632E-02
9.0000E+01	4.0803E-02
1.0000E+02	3.4974E-02
1.1000E+02	3.2642E-02
1.2000E+02	3.0311E-02
1.4000E+02	2.5648E-02
1.5000E+02	2.3316E-02
1.6000E+02	2.2150E-02
1.8000E+02	1.9819E-02
2.0000E+02	1.7487E-02
2.5000E+02	1.4007E-02
3.0000E+02	1.1658E-02
3.3000E+02	1.0979E-02
4.0000E+02	9.3960E-03
4.5000E+02	8.2650E-03
5.0000E+02	7.1340E-03
6.0000E+02	6.1770E-03
7.0000E+02	5.2200E-03
8.0000E+02	4.6458E-03
9.0000E+02	4.0716E-03
1.0000E+03	3.4974E-03
1.0593E+03	3.3060E-03
1.1220E+03	3.1146E-03
1.1885E+03	2.9406E-03
1.2589E+03	2.7753E-03
1.3335E+03	2.6187E-03
1.4125E+03	2.4795E-03
1.4962E+03	2.3403E-03
1.5849E+03	2.2098E-03
1.6788E+03	2.0793E-03
1.7783E+03	1.9662E-03
1.8836E+03	1.8531E-03
1.9953E+03	1.7487E-03
2.1135E+03	1.6530E-03
2.2387E+03	1.5660E-03
2.3714E+03	1.4790E-03
2.5119E+03	1.3920E-03
2.6607E+03	1.3137E-03
2.8184E+03	1.2441E-03
2.9854E+03	1.1745E-03
3.1623E+03	1.1049E-03
3.3497E+03	1.0440E-03
3.5481E+03	9.8310E-04
3.7584E+03	9.3090E-04
3.9811E+03	8.7870E-04
4.2170E+03	8.2650E-04
4.4668E+03	7.8300E-04
4.7315E+03	7.3950E-04
5.0119E+03	6.9600E-04
5.3088E+03	6.6120E-04
5.6234E+03	6.1770E-04
5.9566E+03	5.8290E-04
6.3096E+03	5.5680E-04
6.6834E+03	5.2200E-04
7.0795E+03	4.9590E-04
7.4989E+03	4.6980E-04
7.9433E+03	4.4370E-04
8.4140E+03	4.1760E-04
8.9125E+03	3.9150E-04
9.4406E+03	3.7410E-04
1.0000E+04	3.4800E-04
--------------------------------------------------------------------

EXCITATION
N2 -> N2(W1)
  8.890e0 / threshold energy
COMMENT: electronic-excitation-(W1)-
SCALING: 1.0 1.0e-20
--------------------------------------------------------------------
0.0000	0.00000
8.8900	0.00000
9.0000	0.00130
10.0000	0.02610
11.0000	0.04760
11.0300	0.04816
11.5000	0.05695
11.8700	0.06387
12.0000	0.06630
12.2500	0.06933
12.5000	0.07235
12.7000	0.07477
12.9200	0.07743
13.0000	0.07840
13.5000	0.07775
13.8000	0.07736
14.0000	0.07710
14.2000	0.07508
14.5000	0.07205
15.0000	0.06700
15.6000	0.05938
16.0000	0.05430
16.5000	0.04925
17.0000	0.04420
17.5000	0.04085
18.0000	0.03750
18.5000	0.03533
18.7510	0.03423
19.0000	0.03315
19.5000	0.03097
20.0000	0.02880
21.0000	0.02645
22.0000	0.02410
23.0000	0.02301
24.0000	0.02193
25.0000	0.02084
26.0000	0.01975
28.0000	0.01757
29.0000	0.01649
30.0000	0.01540
32.0000	0.01390
34.0000	0.01240
36.0000	0.01090
38.0000	0.00940
40.0000	0.00862
45.0000	0.00666
50.0000	0.00470
60.0000	0.00423
70.0000	0.00376
75.0000	0.00353
80.0000	0.00329
100.000	0.00235
150.000	0.00000
200.000	0.00000
250.0	0.0
1000.0	0.0
--------------------------------------------------------------------

EXCITATION
N2 -> e+N+N(dissociation)
  9.7537 / threshold energy
COMMENT: electronic-excitation-e+N+N(dissociation)
SCALING: 1.0 1.0e-20
--------------------------------------------------------------------
0.0000E+00	0.00
9.7537E+00	0.00
10.000E+00	0.00
1.1000E+01	5.0000E-03
1.1030E+01	5.1500E-03
1.1500E+01	7.5000E-03
1.1870E+01	9.3500E-03
1.2000E+01	1.0000E-02
1.2250E+01	1.3750E-02
1.2500E+01	1.7499E-02
1.2700E+01	2.0499E-02
1.2920E+01	2.3799E-02
1.3000E+01	2.5000E-02
1.3500E+01	3.2501E-02
1.3800E+01	3.7001E-02
1.4000E+01	4.0002E-02
1.4200E+01	5.5999E-02
1.4500E+01	7.9999E-02
1.5000E+01	1.2001E-01
1.5600E+01	1.6800E-01
1.6000E+01	2.0000E-01
1.6500E+01	2.4000E-01
1.7000E+01	2.8000E-01
1.7500E+01	3.2000E-01
1.8000E+01	3.6000E-01
1.8500E+01	4.0000E-01
1.8751E+01	4.2008E-01
1.9000E+01	4.4000E-01
1.9500E+01	4.8000E-01
2.0000E+01	5.2000E-01
2.1000E+01	5.9000E-01
2.2000E+01	6.6000E-01
2.3000E+01	7.3000E-01
2.4000E+01	8.0000E-01
2.5000E+01	8.7000E-01
2.6000E+01	9.0400E-01
2.8000E+01	9.7200E-01
2.9000E+01	1.0060E+00
3.0000E+01	1.0400E+00
3.2000E+01	1.0620E+00
3.4000E+01	1.0840E+00
3.5000E+01	1.0950E+00
3.6000E+01	1.1060E+00
3.8000E+01	1.1280E+00
4.0000E+01	1.1500E+00
4.5000E+01	1.1900E+00
5.0000E+01	1.2300E+00
5.5000E+01	1.2300E+00
6.0000E+01	1.2300E+00
7.0000E+01	1.2150E+00
7.5000E+01	1.2075E+00
8.0000E+01	1.2000E+00
9.0000E+01	1.1800E+00
1.0000E+02	1.1600E+00
1.1000E+02	1.1360E+00
1.2000E+02	1.1120E+00
1.4000E+02	1.0640E+00
1.5000E+02	1.0400E+00
1.6000E+02	1.0200E+00
1.8000E+02	9.8200E-01
2.0000E+02	9.5000E-01
2.5000E+02	8.5929E-01
3.0000E+02	7.8546E-01
3.3000E+02	7.5842E-01
4.0000E+02	6.9532E-01
4.5000E+02	6.5026E-01
5.0000E+02	6.0519E-01
6.0000E+02	5.5934E-01
7.0000E+02	5.2326E-01
8.0000E+02	4.8755E-01
9.0000E+02	4.5808E-01
1.0000E+03	4.3320E-01
1.0593E+03	4.2220E-01
1.1220E+03	4.0876E-01
1.1885E+03	4.0093E-01
1.2589E+03	3.9586E-01
1.3335E+03	3.7901E-01
1.4125E+03	3.6274E-01
1.4962E+03	3.4704E-01
1.5849E+03	3.1639E-01
1.6788E+03	2.8733E-01
1.7783E+03	2.6041E-01
1.8836E+03	2.3556E-01
1.9953E+03	2.1253E-01
2.1135E+03	2.0975E-01
2.2387E+03	2.0755E-01
2.3714E+03	2.0515E-01
2.5119E+03	2.0257E-01
2.6607E+03	1.9981E-01
2.8184E+03	1.9691E-01
2.9854E+03	1.9390E-01
3.1623E+03	1.8400E-01
3.3497E+03	1.7400E-01
3.5481E+03	1.6451E-01
3.7584E+03	1.5551E-01
3.9811E+03	1.4699E-01
4.2170E+03	1.3932E-01
4.4668E+03	1.3209E-01
4.7315E+03	1.2520E-01
5.0119E+03	1.1861E-01
5.3088E+03	1.1123E-01
5.6234E+03	1.0428E-01
5.9566E+03	9.7747E-02
6.3096E+03	9.1573E-02
6.6834E+03	8.5778E-02
7.0795E+03	8.0454E-02
7.4989E+03	7.5910E-02
7.9433E+03	7.1616E-02
8.4140E+03	6.7752E-02
8.9125E+03	6.4129E-02
9.4406E+03	6.0736E-02
1.0000E+04	5.7562E-02
--------------------------------------------------------------------

EXCITATION
N2 -> N2(c3)
  11.030e0 / threshold energy
COMMENT: electronic-excitation-(c3)
SCALING: 1.0 1.0e-20
--------------------------------------------------------------------
0.0000	0.00000
11.0300	0.00000
11.5000	0.04050
11.8700	0.07935
12.0000	0.09300
12.2500	0.14475
12.5000	0.19650
12.7000	0.29190
12.9200	0.39684
13.0000	0.43500
13.5000	0.73600
13.8000	0.93000
14.0000	0.97500
14.2000	0.96000
14.5000	0.94500
15.0000	0.82500
15.6000	0.71700
16.0000	0.64500
16.5000	0.58500
17.0000	0.52500
17.5000	0.48750
18.0000	0.45000
18.5000	0.42750
18.7510	0.41621
19.0000	0.40500
19.5000	0.39000
20.0000	0.37500
21.0000	0.34500
22.0000	0.31500
23.0000	0.29025
24.0000	0.26550
25.0000	0.24525
26.0000	0.22500
28.0000	0.20850
29.0000	0.18750
30.0000	0.16650
32.0000	0.15000
34.0000	0.13350
36.0000	0.11700
38.0000	0.10575
40.0000	0.09450
45.0000	0.07650
50.0000	0.05850
60.0000	0.04050
70.0000	0.02250
75.0000	0.01913
80.0000	0.01577
100.000	0.00230
150.000	0.00000
200.000	0.00000
250.0	0.0
1000.0	0.0
--------------------------------------------------------------------

EXCITATION
N2 -> N2(c3)
  11.870e0 / threshold energy
COMMENT: electronic-excitation-(c3)
SCALING: 1.0 1.0e-20
--------------------------------------------------------------------
0.0000	0.00000
11.8700	0.00000
12.0000	0.00614
12.2500	0.01795
12.5000	0.02976
12.7000	0.03921
12.9200	0.04960
13.0000	0.00089
13.5000	0.00120
13.8000	0.00139
14.0000	0.00152
14.2000	0.00164
14.5000	0.00183
15.0000	0.00214
15.6000	0.00252
16.0000	0.00277
16.5000	0.00309
17.0000	0.00340
17.5000	0.00360
18.0000	0.00380
18.5000	0.00400
18.7510	0.00410
19.0000	0.00420
19.5000	0.00445
20.0000	0.00470
21.0000	0.00495
22.0000	0.00520
23.0000	0.00530
24.0000	0.00540
25.0000	0.00540
26.0000	0.00540
28.0000	0.00440
29.0000	0.00390
30.0000	0.00340
32.0000	0.00270
34.0000	0.00233
36.0000	0.00195
38.0000	0.00158
40.0000	0.00120
45.0000	0.00085
50.0000	0.00050
60.0000	0.00045
70.0000	0.00040
75.0000	0.00038
80.0000	0.00035
100.000	0.00025
150.000	0.00000
200.000	0.00000
250.0	0.0
1000.0	0.0
--------------------------------------------------------------------

EXCITATION
N2 -> N2(A1")
  12.250e0 / threshold energy
COMMENT: electronic-excitation-(A1")
SCALING: 1.0 1.0e-20
--------------------------------------------------------------------
0.0000	0.00000
12.2500	0.00000
12.5000	0.00180
12.7000	0.00324
12.9200	0.00482
13.0000	0.00540
13.5000	0.00875
13.8000	0.01076
14.0000	0.01210
14.2000	0.01344
14.5000	0.01545
15.0000	0.01880
15.6000	0.02240
16.0000	0.02480
16.5000	0.02750
17.0000	0.03020
17.5000	0.03250
18.0000	0.03480
18.5000	0.03650
18.7510	0.03735
19.0000	0.03820
19.5000	0.03855
20.0000	0.03890
21.0000	0.03655
22.0000	0.03420
23.0000	0.03085
24.0000	0.02750
25.0000	0.02515
26.0000	0.02280
28.0000	0.01910
29.0000	0.01725
30.0000	0.01540
32.0000	0.01407
34.0000	0.01273
36.0000	0.01140
38.0000	0.01105
40.0000	0.01070
45.0000	0.00985
50.0000	0.00900
60.0000	0.00790
70.0000	0.00680
75.0000	0.00650
80.0000	0.00620
100.000	0.00500
150.000	0.00370
200.000	0.00290
250.000	0.00245
300.000	0.00200
400.000	0.00165
500.000	0.00130
600.000	0.00115
700.000	0.00100
800.000	0.00093
900.000	0.00087
1000.00	0.00080
1059.30	0.00076
1122.00	0.00072
1188.50	0.00069
1258.90	0.00066
1333.50	0.00062
1412.50	0.00059
1496.20	0.00057
1584.90	0.00054
1678.80	0.00051
1778.30	0.00049
1883.60	0.00046
1995.30	0.00044
2113.50	0.00042
2238.70	0.00040
2371.4	0.00038
2511.9	0.00036
2660.7	0.00034
2818.4	0.00033
2985.4	0.00031
3162.3	0.00030
3349.7	0.00028
3548.1	0.00027
3758.4	0.00026
3981.1	0.00024
4217.0	0.00023
4466.8	0.00022
4731.5	0.00021
5011.9	0.00020
5308.8	0.00019
5623.4	0.00018
5956.6	0.00017
6309.6	0.00016
6683.4	0.00016
7079.5	0.00015
7498.9	0.00014
7943.3	0.00013
8414.0	0.00013
8912.5	0.00012
9440.6	0.00012
10000.0	0.00011
--------------------------------------------------------------------

EXCITATION
N2 -> N2 SUM OF SINGLET
  13.0e0 / threshold energy
COMMENT: e + N2 SUM OF SINGLET STATES-nondissociative part
SCALING: 1.0 1.0e-20
--------------------------------------------------------------------
0.00000000	0.0000
13.0000000	0.0000
1.3500E+01	2.5410E-02
1.3800E+01	4.6260E-02
1.4000E+01	6.0160E-02
1.4200E+01	6.6590E-02
1.4500E+01	7.6230E-02
1.5000E+01	9.2290E-02
1.5600E+01	8.1860E-02
1.6000E+01	7.4910E-02
1.6500E+01	1.2060E-01
1.7000E+01	1.6630E-01
1.7500E+01	1.7608E-01
1.8000E+01	1.8587E-01
1.8500E+01	2.0293E-01
1.8751E+01	2.1150E-01
1.9000E+01	2.2000E-01
1.9500E+01	2.3702E-01
2.0000E+01	2.5404E-01
2.1000E+01	2.8830E-01
2.2000E+01	3.2255E-01
2.3000E+01	3.2848E-01
2.4000E+01	3.3440E-01
2.5000E+01	3.4047E-01
2.6000E+01	3.6386E-01
2.8000E+01	4.1082E-01
2.9000E+01	4.3429E-01
3.0000E+01	4.5780E-01
3.2000E+01	4.6900E-01
3.4000E+01	4.8020E-01
3.5000E+01	4.8580E-01
3.6000E+01	4.9140E-01
3.8000E+01	5.0260E-01
4.0000E+01	5.1380E-01
4.5000E+01	5.0000E-01
5.0000E+01	4.8610E-01
5.5000E+01	5.1280E-01
6.0000E+01	5.3950E-01
7.0000E+01	5.1280E-01
7.5000E+01	4.9990E-01
8.0000E+01	4.8700E-01
9.0000E+01	4.5610E-01
1.0000E+02	4.2520E-01
1.1000E+02	3.9890E-01
1.2000E+02	3.7250E-01
1.4000E+02	3.1980E-01
1.5000E+02	2.9350E-01
1.6000E+02	2.7930E-01
1.8000E+02	2.4896E-01
2.0000E+02	2.1261E-01
2.5000E+02	1.9280E-01
3.0000E+02	1.7628E-01
3.3000E+02	1.7022E-01
4.0000E+02	1.5608E-01
4.5000E+02	1.4598E-01
5.0000E+02	1.3588E-01
6.0000E+02	1.2560E-01
7.0000E+02	1.1752E-01
8.0000E+02	1.0951E-01
9.0000E+02	1.0289E-01
1.0000E+03	9.7320E-02
1.0593E+03	9.4850E-02
1.1220E+03	9.1830E-02
1.1885E+03	9.0080E-02
1.2589E+03	8.8940E-02
1.3335E+03	8.5160E-02
1.4125E+03	8.1500E-02
1.4962E+03	7.7980E-02
1.5849E+03	7.1090E-02
1.6788E+03	6.4560E-02
1.7783E+03	5.8510E-02
1.8836E+03	5.2920E-02
1.9953E+03	4.7740E-02
2.1135E+03	4.7120E-02
2.2387E+03	4.6630E-02
2.3714E+03	4.6090E-02
2.5119E+03	4.5510E-02
2.6607E+03	4.4900E-02
2.8184E+03	4.4250E-02
2.9854E+03	4.3570E-02
3.1623E+03	4.1350E-02
3.3497E+03	3.9100E-02
3.5481E+03	3.6970E-02
3.7584E+03	3.4940E-02
3.9811E+03	3.3030E-02
4.2170E+03	3.1310E-02
4.4668E+03	2.9680E-02
4.7315E+03	2.8130E-02
5.0119E+03	2.6660E-02
5.3088E+03	2.4990E-02
5.6234E+03	2.3440E-02
5.9566E+03	2.1970E-02
6.3096E+03	2.0580E-02
6.6834E+03	1.9280E-02
7.0795E+03	1.8076E-02
7.4989E+03	1.7054E-02
7.9433E+03	1.6097E-02
8.4140E+03	1.5224E-02
8.9125E+03	1.4412E-02
9.4406E+03	1.3646E-02
1.0000E+04	1.2936E-02
--------------------------------------------------------------------

IONIZATION
N2 -> N2^+
  15.6e0 / threshold energy
COMMENT: IONIZATION total
SCALING: 1.0 1.0e-20
--------------------------------------------------------------------
0.000	0.000
15.600	0.000
16.000	0.021
16.500	0.046
17.000	0.071
17.500	0.098
18.000	0.129
18.500	0.163
18.751	0.18057
19.000	0.198
19.500	0.229
20.000	0.269
21.000	0.34217
22.000	0.41634
23.000	0.49051
24.000	0.56418
25.000	0.63785
26.000	0.71662
28.000	0.87416
29.000	0.95293
30.000	1.0317
32.000	1.14842
34.000	1.26514
35.000	1.31236
36.000	1.35773
38.000	1.44845
40.000	1.53918
45.000	1.776
50.000	1.937
55.000	2.059
60.000	2.18
70.000	2.317
75.000	2.384
80.000	2.431
90.000	2.478
100.00	2.524
110.00	2.51
120.00	2.495
140.00	2.462
150.00	2.4455
160.00	2.411
180.00	2.342
200.00	2.272
250.00	2.091
300.00	1.911
330.00	1.835
400.00	1.662
450.00	1.554
500.00	1.4479
600.00	1.3005
700.00	1.1552
800.00	1.0565
900.00	0.989
1000.0	0.89407
1059.3	0.85568
1122.0	0.81901
1188.5	0.78386
1258.9	0.75025
1333.5	0.71805
1412.5	0.68725
1496.2	0.65776
1584.9	0.62953
1678.8	0.60252
1778.3	0.57666
1883.6	0.55193
1995.3	0.52823
2113.5	0.50453
2238.7	0.48185
2371.4	0.46017
2511.9	0.43948
2660.7	0.41973
2818.4	0.40084
2985.4	0.38282
3162.3	0.3653
3349.7	0.34856
3548.1	0.33259
3758.4	0.31734
3981.1	0.30279
4217.0	0.2884
4466.8	0.27464
4731.5	0.26155
5011.9	0.24907
5308.8	0.2372
5623.4	0.22589
5956.6	0.21512
6309.6	0.20488
6683.4	0.19513
7079.5	0.18586
7498.9	0.1771
7943.3	0.16874
8414.0	0.16054
8912.5	0.1527
9440.6	0.14518
10000.0	0.13801
--------------------------------------------------------------------
