

efield[V/m]_vs_mu[m2/Vs]
N2
COMMENT: generated by bolsig_convert.py
-----------------------
1.236001973592578579e+05 8.919888669719999719e-02
1.292610863983118761e+05 8.786393737247999436e-02
1.351691758320843801e+05 8.660989406743999086e-02
1.413491857000472664e+05 8.535585076240000124e-02
1.478258360416724172e+05 8.414226046719999741e-02
1.545991268569597160e+05 8.296912318183999324e-02
1.616690581459092791e+05 8.179598589647998907e-02
1.690850699874647544e+05 8.066330162095999845e-02
1.768224423421542742e+05 7.953061734543999395e-02
1.849058952494497353e+05 7.847883908959998878e-02
1.933601487488230050e+05 7.738660782391999782e-02
2.022099228797458345e+05 7.637528257791999231e-02
2.114799376816901786e+05 7.536395733192000068e-02
2.211454731151841406e+05 7.439308509575999484e-02
2.312806892986432940e+05 7.342221285959998900e-02
2.418608661925957713e+05 7.249179363327999670e-02
2.528860037970415724e+05 7.156137440695999052e-02
2.645044223488118150e+05 7.071186120031999756e-02
2.766172416900190292e+05 6.982189498384000492e-02
2.892244618206633604e+05 6.897238177719998420e-02
3.025732831354632508e+05 6.816332158039999090e-02
3.164165052397000836e+05 6.735426138359999759e-02
3.307541281333740335e+05 6.658565419664000395e-02
3.460805526059219847e+05 6.585750001951999610e-02
3.619013778679069947e+05 6.508889283256000247e-02
3.784638043140475056e+05 6.436073865543999462e-02
3.957678319443436922e+05 6.363258447832000064e-02
4.138134607587952632e+05 6.298533632087999212e-02
4.328478911521210102e+05 6.229763515359999781e-02
4.526239227296022000e+05 6.169084000599999590e-02
4.733887558859575656e+05 6.104359184855999432e-02
4.948951902264684322e+05 6.039634369111999967e-02
5.176376265405718586e+05 5.974909553367999809e-02
5.413688644335493445e+05 5.922320640575999551e-02
5.660889039054008899e+05 5.869731727783999292e-02
5.920449453508451115e+05 5.800961611055999861e-02
6.189897883751632180e+05 5.764553902200000163e-02
6.474178337677926756e+05 5.695783785471999344e-02
6.770818811340144603e+05 5.647240173663999746e-02
7.079819304738289211e+05 5.602741862839999420e-02
7.403651821819545003e+05 5.542062348079999229e-02
7.744788366531096399e+05 5.505654639223999530e-02
8.098284930978574557e+05 5.453065726431999272e-02
8.469085523056347156e+05 5.392386211671999080e-02
8.857190142764416523e+05 5.343842599863999482e-02
9.262598790102782659e+05 5.303389590023999123e-02
9.685311465071445564e+05 5.246755376248000285e-02
1.012780017161758849e+06 5.210347667391999199e-02
1.059253691368839704e+06 5.149668152632000395e-02
1.107704968733669026e+06 5.101124540824000103e-02
1.158381049650964560e+06 5.064716831967999017e-02
1.211529134515445447e+06 5.024263822127999352e-02
1.266902022932393011e+06 4.955493705399999921e-02
1.324994115691244137e+06 4.910995394576000289e-02
1.385558212397280615e+06 4.866497083751999270e-02
1.449088713839939097e+06 4.797726967023999839e-02
1.515338419624501141e+06 4.777500462104000006e-02
1.584554530145685421e+06 4.720866248327999781e-02
1.657231446192929521e+06 4.656141432583999623e-02
1.733121967371513601e+06 4.611643121759999991e-02
1.812473294076157035e+06 4.583326014871999532e-02
1.895285426306859823e+06 4.542873005031999867e-02
1.982052764853059081e+06 4.457921684367999876e-02
2.072775309714754112e+06 4.457921684367999876e-02
2.167700261286664288e+06 4.409378072560000278e-02
2.266827619568789378e+06 4.328472052879999560e-02
2.370651785350565799e+06 4.332517353863999526e-02
2.479419959026712459e+06 4.259701936151999435e-02
2.593132140597229823e+06 4.255656635167999469e-02
2.711788330062116962e+06 4.203067722375999210e-02
2.835388527421375271e+06 4.154524110567999612e-02
2.966404736622188240e+06 4.142388207615999712e-02
3.099892949770187028e+06 4.093844595807999420e-02
3.243269178706925828e+06 4.065527488919999655e-02
3.391589415538035333e+06 4.042873803409599565e-02
3.547325664210700430e+06 4.010511395537599832e-02
3.708005920777735766e+06 3.974103686681600134e-02
3.878574193133511115e+06 3.953472651663199333e-02
4.056558477330842521e+06 3.920301183594399747e-02
4.241958773369728588e+06 3.881061764049600210e-02
4.434775081250172108e+06 3.884298004836799628e-02
4.639951408866539598e+06 3.857599018342399572e-02
4.852543748324463144e+06 3.792469672499999833e-02
5.072552099623941816e+06 3.783974540433599626e-02
5.304920470659346320e+06 3.762938975316799939e-02
5.549648861430677585e+06 3.728149386854399949e-02
5.801793264043563046e+06 3.689719027506400267e-02
6.068769690339559689e+06 3.675155943964000110e-02
6.345634132424297743e+06 3.645625246780799522e-02
6.637330598192146048e+06 3.614071899105599645e-02
6.938915079748735763e+06 3.576450599954399817e-02
7.257803588935621083e+06 3.549751613459999761e-02
7.589052117858432233e+06 3.533570409523999895e-02
7.937604674411538988e+06 3.498376290963200325e-02
8.300989254647757858e+06 3.462373112205599512e-02
8.681677862514270470e+06 3.428392583939999377e-02
9.077198494063897058e+06 3.398052826560000322e-02
9.492495157191002741e+06 3.370949309967199992e-02
9.927567851895591244e+06 3.336564251603199582e-02
1.038241657817766070e+07 3.304606373829599431e-02
-----------------------


efield[V/m]_vs_dif[m2/s]
N2
COMMENT: generated by bolsig_convert.py
-----------------------
1.236001973592578579e+05 6.909374080671999707e-02
1.292610863983118761e+05 6.929600585591999540e-02
1.351691758320843801e+05 6.949827090511999372e-02
1.413491857000472664e+05 6.966008294447999238e-02
1.478258360416724172e+05 6.982189498384000492e-02
1.545991268569597160e+05 6.998370702319998971e-02
1.616690581459092791e+05 7.014551906256000224e-02
1.690850699874647544e+05 7.026687809208000124e-02
1.768224423421542742e+05 7.038823712159998636e-02
1.849058952494497353e+05 7.050959615111999923e-02
1.933601487488230050e+05 7.063095518063999823e-02
2.022099228797458345e+05 7.071186120031999756e-02
2.114799376816901786e+05 7.079276721999999689e-02
2.211454731151841406e+05 7.087367323967999622e-02
2.312806892986432940e+05 7.095457925935999555e-02
2.418608661925957713e+05 7.099503226919999521e-02
2.528860037970415724e+05 7.103548527903999488e-02
2.645044223488118150e+05 7.111639129871999421e-02
2.766172416900190292e+05 7.115684430855999387e-02
2.892244618206633604e+05 7.119729731839999354e-02
3.025732831354632508e+05 7.119729731839999354e-02
3.164165052397000836e+05 7.123775032823999320e-02
3.307541281333740335e+05 7.123775032823999320e-02
3.460805526059219847e+05 7.123775032823999320e-02
3.619013778679069947e+05 7.127820333808000675e-02
3.784638043140475056e+05 7.127820333808000675e-02
3.957678319443436922e+05 7.123775032823999320e-02
4.138134607587952632e+05 7.123775032823999320e-02
4.328478911521210102e+05 7.119729731839999354e-02
4.526239227296022000e+05 7.119729731839999354e-02
4.733887558859575656e+05 7.115684430855999387e-02
4.948951902264684322e+05 7.111639129871999421e-02
5.176376265405718586e+05 7.111639129871999421e-02
5.413688644335493445e+05 7.107593828887999454e-02
5.660889039054008899e+05 7.099503226919999521e-02
5.920449453508451115e+05 7.095457925935999555e-02
6.189897883751632180e+05 7.091412624951999588e-02
6.474178337677926756e+05 7.087367323967999622e-02
6.770818811340144603e+05 7.079276721999999689e-02
7.079819304738289211e+05 7.075231421015999722e-02
7.403651821819545003e+05 7.067140819047999789e-02
7.744788366531096399e+05 7.059050217079999856e-02
8.098284930978574557e+05 7.050959615111999923e-02
8.469085523056347156e+05 7.042869013143998602e-02
8.857190142764416523e+05 7.034778411176000057e-02
9.262598790102782659e+05 7.026687809208000124e-02
9.685311465071445564e+05 7.022642508224000157e-02
1.012780017161758849e+06 7.014551906256000224e-02
1.059253691368839704e+06 7.006461304287998904e-02
1.107704968733669026e+06 7.002416003303998937e-02
1.158381049650964560e+06 7.002416003303998937e-02
1.211529134515445447e+06 7.002416003303998937e-02
1.266902022932393011e+06 7.010506605271998870e-02
1.324994115691244137e+06 7.022642508224000157e-02
1.385558212397280615e+06 7.042869013143998602e-02
1.449088713839939097e+06 7.071186120031999756e-02
1.515338419624501141e+06 7.111639129871999421e-02
1.584554530145685421e+06 7.168273343648000340e-02
1.657231446192929521e+06 7.232998159391999804e-02
1.733121967371513601e+06 7.321994781039999067e-02
1.812473294076157035e+06 7.427172606623999584e-02
1.895285426306859823e+06 7.560667539095998479e-02
1.982052764853059081e+06 7.698207772551998729e-02
2.072775309714754112e+06 7.884291617815999964e-02
2.167700261286664288e+06 8.090601967999999644e-02
2.266827619568789378e+06 8.288821716215999391e-02
2.370651785350565799e+06 8.571992785095999823e-02
2.479419959026712459e+06 8.826846747087999101e-02
2.593132140597229823e+06 9.130244320887999365e-02
2.711788330062116962e+06 9.429596593703999663e-02
2.835388527421375271e+06 9.761311274391999693e-02
2.966404736622188240e+06 1.010920715901599959e-01
3.099892949770187028e+06 1.046114834462399945e-01
3.243269178706925828e+06 1.082118013219999925e-01
3.391589415538035333e+06 1.119739312371199891e-01
3.547325664210700430e+06 1.157360611522399857e-01
3.708005920777735766e+06 1.191341139787999853e-01
3.878574193133511115e+06 1.229771499135999813e-01
4.056558477330842521e+06 1.266583738090399924e-01
4.241958773369728588e+06 1.300564266355999921e-01
4.434775081250172108e+06 1.344253516983199837e-01
4.639951408866539598e+06 1.379852165642399819e-01
4.852543748324463144e+06 1.406551152136799876e-01
5.072552099623941816e+06 1.445790571681599690e-01
5.304920470659346320e+06 1.480984690242400093e-01
5.549648861430677585e+06 1.513751628212799960e-01
5.801793264043563046e+06 1.545709505986399834e-01
6.068769690339559689e+06 1.582117214842399811e-01
6.345634132424297743e+06 1.614884152812799678e-01
6.637330598192146048e+06 1.648460150979999816e-01
6.938915079748735763e+06 1.680013498655200110e-01
7.257803588935621083e+06 1.713994026920799829e-01
7.589052117858432233e+06 1.751210795973599799e-01
7.937604674411538988e+06 1.783168673747199950e-01
8.300989254647757858e+06 1.815531081619199960e-01
8.681677862514270470e+06 1.848702549687999963e-01
9.077198494063897058e+06 1.884301198347199946e-01
9.492495157191002741e+06 1.921113437301599780e-01
9.927567851895591244e+06 1.955498495665599912e-01
1.038241657817766070e+07 1.992310734620000023e-01
-----------------------


efield[V/m]_vs_alpha[1/m]
N2
COMMENT: generated by bolsig_convert.py
-----------------------
1.236001973592578579e+05 0.000000000000000000e+00
1.292610863983118761e+05 0.000000000000000000e+00
1.351691758320843801e+05 0.000000000000000000e+00
1.413491857000472664e+05 0.000000000000000000e+00
1.478258360416724172e+05 0.000000000000000000e+00
1.545991268569597160e+05 0.000000000000000000e+00
1.616690581459092791e+05 0.000000000000000000e+00
1.690850699874647544e+05 0.000000000000000000e+00
1.768224423421542742e+05 0.000000000000000000e+00
1.849058952494497353e+05 0.000000000000000000e+00
1.933601487488230050e+05 0.000000000000000000e+00
2.022099228797458345e+05 0.000000000000000000e+00
2.114799376816901786e+05 0.000000000000000000e+00
2.211454731151841406e+05 0.000000000000000000e+00
2.312806892986432940e+05 0.000000000000000000e+00
2.418608661925957713e+05 0.000000000000000000e+00
2.528860037970415724e+05 0.000000000000000000e+00
2.645044223488118150e+05 0.000000000000000000e+00
2.766172416900190292e+05 0.000000000000000000e+00
2.892244618206633604e+05 0.000000000000000000e+00
3.025732831354632508e+05 0.000000000000000000e+00
3.164165052397000836e+05 0.000000000000000000e+00
3.307541281333740335e+05 0.000000000000000000e+00
3.460805526059219847e+05 0.000000000000000000e+00
3.619013778679069947e+05 0.000000000000000000e+00
3.784638043140475056e+05 0.000000000000000000e+00
3.957678319443436922e+05 0.000000000000000000e+00
4.138134607587952632e+05 0.000000000000000000e+00
4.328478911521210102e+05 0.000000000000000000e+00
4.526239227296022000e+05 0.000000000000000000e+00
4.733887558859575656e+05 0.000000000000000000e+00
4.948951902264684322e+05 0.000000000000000000e+00
5.176376265405718586e+05 0.000000000000000000e+00
5.413688644335493445e+05 0.000000000000000000e+00
5.660889039054008899e+05 0.000000000000000000e+00
5.920449453508451115e+05 0.000000000000000000e+00
6.189897883751632180e+05 0.000000000000000000e+00
6.474178337677926756e+05 0.000000000000000000e+00
6.770818811340144603e+05 0.000000000000000000e+00
7.079819304738289211e+05 0.000000000000000000e+00
7.403651821819545003e+05 1.703457920005291792e-08
7.744788366531096399e+05 5.131880194356386454e-07
8.098284930978574557e+05 3.018316819513076754e-06
8.469085523056347156e+05 9.534519224293152391e-06
8.857190142764416523e+05 2.832916523474190054e-05
9.262598790102782659e+05 7.868388563890355502e-05
9.685311465071445564e+05 2.115788178395776081e-04
1.012780017161758849e+06 5.369192573286161660e-04
1.059253691368839704e+06 1.317330903454970361e-03
1.107704968733669026e+06 3.097420945823001984e-03
1.158381049650964560e+06 7.052627261319254111e-03
1.211529134515445447e+06 1.554643282384745272e-02
1.266902022932393011e+06 3.302597273439369929e-02
1.324994115691244137e+06 6.832618910019774838e-02
1.385558212397280615e+06 1.365782180819799518e-01
1.449088713839939097e+06 2.667292259012784550e-01
1.515338419624501141e+06 5.040416048310535357e-01
1.584554530145685421e+06 9.334286904571154064e-01
1.657231446192929521e+06 1.674535473823225429e+00
1.733121967371513601e+06 2.949100708991892805e+00
1.812473294076157035e+06 5.035472040416165029e+00
1.895285426306859823e+06 8.449309491478867784e+00
1.982052764853059081e+06 1.373198192661354788e+01
2.072775309714754112e+06 2.203791518915567593e+01
2.167700261286664288e+06 3.463277530006405414e+01
2.266827619568789378e+06 5.262896403557199676e+01
2.370651785350565799e+06 7.989516757302428118e+01
2.479419959026712459e+06 1.177415480044290490e+02
2.593132140597229823e+06 1.700985916058106682e+02
2.711788330062116962e+06 2.415642257189335567e+02
2.835388527421375271e+06 3.391589415538035723e+02
2.966404736622188240e+06 4.659727440444021340e+02
3.099892949770187028e+06 6.343162128477113129e+02
3.243269178706925828e+06 8.464141515161977622e+02
3.391589415538035333e+06 1.116604182943535534e+03
3.547325664210700430e+06 1.456010324892057724e+03
3.708005920777735766e+06 1.867104581308949491e+03
3.878574193133511115e+06 2.376831795218528441e+03
4.056558477330842521e+06 2.996068783988410814e+03
4.241958773369728588e+06 3.730253956302402457e+03
4.434775081250172108e+06 4.627591389130614516e+03
4.639951408866539598e+06 5.663361043001195867e+03
4.852543748324463144e+06 6.869698969227551970e+03
5.072552099623941816e+06 8.291101238859017030e+03
5.304920470659346320e+06 9.922623844001222096e+03
5.549648861430677585e+06 1.180629085175631189e+04
5.801793264043563046e+06 1.396435029764895444e+04
6.068769690339559689e+06 1.641163420536225749e+04
6.345634132424297743e+06 1.917780662226245113e+04
6.637330598192146048e+06 2.230241961150448697e+04
6.938915079748735763e+06 2.580772120861304211e+04
7.257803588935621083e+06 2.971348744516559236e+04
7.589052117858432233e+06 3.406421439221146284e+04
7.937604674411538988e+06 3.885990204975067172e+04
8.300989254647757858e+06 4.414999049672690307e+04
8.681677862514270470e+06 4.998391981208388461e+04
9.077198494063897058e+06 5.638641003529343288e+04
9.492495157191002741e+06 6.335746116635558428e+04
9.927567851895591244e+06 7.092179324474216264e+04
1.038241657817766070e+07 7.912884634939687385e+04
-----------------------


efield[V/m]_vs_energy[eV]
N2
COMMENT: generated by bolsig_convert.py
-----------------------
1.236001973592578579e+05 8.384000000000000341e-01
1.292610863983118761e+05 8.477999999999999980e-01
1.351691758320843801e+05 8.570999999999999730e-01
1.413491857000472664e+05 8.659999999999999920e-01
1.478258360416724172e+05 8.749000000000000110e-01
1.545991268569597160e+05 8.834999999999999520e-01
1.616690581459092791e+05 8.918000000000000371e-01
1.690850699874647544e+05 9.000000000000000222e-01
1.768224423421542742e+05 9.079000000000000403e-01
1.849058952494497353e+05 9.156999999999999584e-01
1.933601487488230050e+05 9.232000000000000206e-01
2.022099228797458345e+05 9.304999999999999938e-01
2.114799376816901786e+05 9.375999999999999890e-01
2.211454731151841406e+05 9.445000000000000062e-01
2.312806892986432940e+05 9.512000000000000455e-01
2.418608661925957713e+05 9.576999999999999957e-01
2.528860037970415724e+05 9.638999999999999790e-01
2.645044223488118150e+05 9.699999999999999734e-01
2.766172416900190292e+05 9.758999999999999897e-01
2.892244618206633604e+05 9.816000000000000281e-01
3.025732831354632508e+05 9.871999999999999664e-01
3.164165052397000836e+05 9.926000000000000378e-01
3.307541281333740335e+05 9.978000000000000203e-01
3.460805526059219847e+05 1.002999999999999892e+00
3.619013778679069947e+05 1.008000000000000007e+00
3.784638043140475056e+05 1.012999999999999901e+00
3.957678319443436922e+05 1.016999999999999904e+00
4.138134607587952632e+05 1.022000000000000020e+00
4.328478911521210102e+05 1.026000000000000023e+00
4.526239227296022000e+05 1.030999999999999917e+00
4.733887558859575656e+05 1.034999999999999920e+00
4.948951902264684322e+05 1.038999999999999924e+00
5.176376265405718586e+05 1.042999999999999927e+00
5.413688644335493445e+05 1.046999999999999931e+00
5.660889039054008899e+05 1.050999999999999934e+00
5.920449453508451115e+05 1.054999999999999938e+00
6.189897883751632180e+05 1.058999999999999941e+00
6.474178337677926756e+05 1.064000000000000057e+00
6.770818811340144603e+05 1.068000000000000060e+00
7.079819304738289211e+05 1.072000000000000064e+00
7.403651821819545003e+05 1.076000000000000068e+00
7.744788366531096399e+05 1.080000000000000071e+00
8.098284930978574557e+05 1.084999999999999964e+00
8.469085523056347156e+05 1.090000000000000080e+00
8.857190142764416523e+05 1.094999999999999973e+00
9.262598790102782659e+05 1.100999999999999979e+00
9.685311465071445564e+05 1.106999999999999984e+00
1.012780017161758849e+06 1.114000000000000101e+00
1.059253691368839704e+06 1.122000000000000108e+00
1.107704968733669026e+06 1.131000000000000005e+00
1.158381049650964560e+06 1.141999999999999904e+00
1.211529134515445447e+06 1.155999999999999917e+00
1.266902022932393011e+06 1.171000000000000041e+00
1.324994115691244137e+06 1.191000000000000059e+00
1.385558212397280615e+06 1.213999999999999968e+00
1.449088713839939097e+06 1.241999999999999993e+00
1.515338419624501141e+06 1.276999999999999913e+00
1.584554530145685421e+06 1.318000000000000060e+00
1.657231446192929521e+06 1.364999999999999991e+00
1.733121967371513601e+06 1.423000000000000043e+00
1.812473294076157035e+06 1.489999999999999991e+00
1.895285426306859823e+06 1.568000000000000060e+00
1.982052764853059081e+06 1.649999999999999911e+00
2.072775309714754112e+06 1.754999999999999893e+00
2.167700261286664288e+06 1.866999999999999993e+00
2.266827619568789378e+06 1.975999999999999979e+00
2.370651785350565799e+06 2.125000000000000000e+00
2.479419959026712459e+06 2.259999999999999787e+00
2.593132140597229823e+06 2.419000000000000039e+00
2.711788330062116962e+06 2.572000000000000064e+00
2.835388527421375271e+06 2.741000000000000103e+00
2.966404736622188240e+06 2.919000000000000039e+00
3.099892949770187028e+06 3.096999999999999975e+00
3.243269178706925828e+06 3.279999999999999805e+00
3.391589415538035333e+06 3.470000000000000195e+00
3.547325664210700430e+06 3.656000000000000139e+00
3.708005920777735766e+06 3.830999999999999961e+00
3.878574193133511115e+06 4.025999999999999801e+00
4.056558477330842521e+06 4.209999999999999964e+00
4.241958773369728588e+06 4.384999999999999787e+00
4.434775081250172108e+06 4.608999999999999986e+00
4.639951408866539598e+06 4.793000000000000149e+00
4.852543748324463144e+06 4.935999999999999943e+00
5.072552099623941816e+06 5.142999999999999794e+00
5.304920470659346320e+06 5.331000000000000405e+00
5.549648861430677585e+06 5.508000000000000007e+00
5.801793264043563046e+06 5.684000000000000163e+00
6.068769690339559689e+06 5.886999999999999567e+00
6.345634132424297743e+06 6.073999999999999844e+00
6.637330598192146048e+06 6.262999999999999901e+00
6.938915079748735763e+06 6.447000000000000064e+00
7.257803588935621083e+06 6.650000000000000355e+00
7.589052117858432233e+06 6.871000000000000441e+00
7.937604674411538988e+06 7.070000000000000284e+00
8.300989254647757858e+06 7.272999999999999687e+00
8.681677862514270470e+06 7.485000000000000320e+00
9.077198494063897058e+06 7.714000000000000412e+00
9.492495157191002741e+06 7.956999999999999851e+00
9.927567851895591244e+06 8.189000000000000057e+00
1.038241657817766070e+07 8.439000000000000057e+00
-----------------------

efield[V/m]_vs_eta[1/m]
N2
-----------------------
0.0 0.0
-----------------------