efield[V/m]_vs_mu[m2/Vs]
N2
-----------------------
 1.000e+05  9.790e-02
 6.080e+05  5.840e-02
 1.120e+06  5.130e-02
 1.620e+06  4.730e-02
 2.130e+06  4.450e-02
 2.640e+06  4.290e-02
 3.150e+06  4.160e-02
 3.660e+06  4.050e-02
 4.170e+06  3.980e-02
 4.670e+06  3.890e-02
 5.180e+06  3.830e-02
 5.690e+06  3.770e-02
 6.200e+06  3.720e-02
 6.710e+06  3.650e-02
 7.210e+06  3.600e-02
 7.720e+06  3.550e-02
 8.230e+06  3.520e-02
 8.740e+06  3.460e-02
 9.250e+06  3.410e-02
 9.760e+06  3.370e-02
 1.030e+07  3.330e-02
 1.080e+07  3.290e-02
 1.130e+07  3.260e-02
 1.180e+07  3.230e-02
 1.230e+07  3.190e-02
 1.280e+07  3.160e-02
 1.330e+07  3.130e-02
 1.380e+07  3.100e-02
 1.430e+07  3.070e-02
 1.480e+07  3.040e-02
 1.530e+07  3.020e-02
 1.590e+07  2.990e-02
 1.640e+07  2.960e-02
 1.690e+07  2.940e-02
 1.740e+07  2.910e-02
 1.790e+07  2.890e-02
 1.840e+07  2.870e-02
 1.890e+07  2.850e-02
 1.940e+07  2.820e-02
 1.990e+07  2.800e-02
 2.040e+07  2.780e-02
 2.090e+07  2.760e-02
 2.140e+07  2.740e-02
 2.200e+07  2.720e-02
 2.250e+07  2.710e-02
 2.300e+07  2.690e-02
 2.350e+07  2.670e-02
 2.400e+07  2.650e-02
 2.450e+07  2.640e-02
 2.500e+07  2.620e-02
-----------------------

efield[V/m]_vs_dif[m2/s]
N2
COMMENT:
-----------------------
 1.000e+05  6.940e-02
 6.080e+05  7.080e-02
 1.120e+06  6.860e-02
 1.620e+06  6.900e-02
 2.130e+06  7.890e-02
 2.640e+06  9.120e-02
 3.150e+06  1.040e-01
 3.660e+06  1.170e-01
 4.170e+06  1.250e-01
 4.670e+06  1.340e-01
 5.180e+06  1.410e-01
 5.690e+06  1.460e-01
 6.200e+06  1.500e-01
 6.710e+06  1.570e-01
 7.210e+06  1.620e-01
 7.720e+06  1.660e-01
 8.230e+06  1.680e-01
 8.740e+06  1.720e-01
 9.250e+06  1.750e-01
 9.760e+06  1.790e-01
 1.030e+07  1.820e-01
 1.080e+07  1.870e-01
 1.130e+07  1.880e-01
 1.180e+07  1.930e-01
 1.230e+07  1.950e-01
 1.280e+07  1.980e-01
 1.330e+07  1.960e-01
 1.380e+07  2.020e-01
 1.430e+07  2.030e-01
 1.480e+07  2.030e-01
 1.530e+07  2.090e-01
 1.590e+07  2.100e-01
 1.640e+07  2.100e-01
 1.690e+07  2.160e-01
 1.740e+07  2.190e-01
 1.790e+07  2.190e-01
 1.840e+07  2.210e-01
 1.890e+07  2.250e-01
 1.940e+07  2.220e-01
 1.990e+07  2.270e-01
 2.040e+07  2.330e-01
 2.090e+07  2.350e-01
 2.140e+07  2.340e-01
 2.200e+07  2.380e-01
 2.250e+07  2.400e-01
 2.300e+07  2.440e-01
 2.350e+07  2.440e-01
 2.400e+07  2.470e-01
 2.450e+07  2.440e-01
 2.500e+07  2.490e-01
-----------------------

efield[V/m]_vs_alpha[1/m]
N2
-----------------------
 1.000e+05  0.000e+00
 6.080e+05  0.000e+00
 1.120e+06  0.000e+00
 1.620e+06  2.300e+00
 2.130e+06  6.040e+01
 2.640e+06  3.250e+02
 3.150e+06  1.020e+03
 3.660e+06  2.390e+03
 4.170e+06  4.470e+03
 4.670e+06  7.390e+03
 5.180e+06  1.120e+04
 5.690e+06  1.540e+04
 6.200e+06  2.090e+04
 6.710e+06  2.720e+04
 7.210e+06  3.370e+04
 7.720e+06  4.120e+04
 8.230e+06  4.940e+04
 8.740e+06  5.740e+04
 9.250e+06  6.660e+04
 9.760e+06  7.560e+04
 1.030e+07  8.520e+04
 1.080e+07  9.500e+04
 1.130e+07  1.050e+05
 1.180e+07  1.150e+05
 1.230e+07  1.270e+05
 1.280e+07  1.370e+05
 1.330e+07  1.480e+05
 1.380e+07  1.590e+05
 1.430e+07  1.710e+05
 1.480e+07  1.810e+05
 1.530e+07  1.940e+05
 1.590e+07  2.040e+05
 1.640e+07  2.150e+05
 1.690e+07  2.270e+05
 1.740e+07  2.390e+05
 1.790e+07  2.490e+05
 1.840e+07  2.610e+05
 1.890e+07  2.720e+05
 1.940e+07  2.840e+05
 1.990e+07  2.950e+05
 2.040e+07  3.060e+05
 2.090e+07  3.170e+05
 2.140e+07  3.280e+05
 2.200e+07  3.390e+05
 2.250e+07  3.500e+05
 2.300e+07  3.610e+05
 2.350e+07  3.720e+05
 2.400e+07  3.820e+05
 2.450e+07  3.920e+05
 2.500e+07  4.030e+05
-----------------------

efield[V/m]_vs_energy[eV]
N2
-----------------------
 1.000e+05  7.960e-01
 6.080e+05  1.060e+00
 1.120e+06  1.160e+00
 1.620e+06  1.450e+00
 2.130e+06  2.010e+00
 2.640e+06  2.710e+00
 3.150e+06  3.380e+00
 3.660e+06  3.970e+00
 4.170e+06  4.480e+00
 4.670e+06  4.940e+00
 5.180e+06  5.350e+00
 5.690e+06  5.710e+00
 6.200e+06  6.050e+00
 6.710e+06  6.370e+00
 7.210e+06  6.690e+00
 7.720e+06  6.990e+00
 8.230e+06  7.300e+00
 8.740e+06  7.580e+00
 9.250e+06  7.850e+00
 9.760e+06  8.130e+00
 1.030e+07  8.410e+00
 1.080e+07  8.680e+00
 1.130e+07  8.950e+00
 1.180e+07  9.220e+00
 1.230e+07  9.490e+00
 1.280e+07  9.760e+00
 1.330e+07  1.000e+01
 1.380e+07  1.030e+01
 1.430e+07  1.060e+01
 1.480e+07  1.080e+01
 1.530e+07  1.110e+01
 1.590e+07  1.140e+01
 1.640e+07  1.160e+01
 1.690e+07  1.190e+01
 1.740e+07  1.220e+01
 1.790e+07  1.240e+01
 1.840e+07  1.270e+01
 1.890e+07  1.300e+01
 1.940e+07  1.320e+01
 1.990e+07  1.350e+01
 2.040e+07  1.380e+01
 2.090e+07  1.400e+01
 2.140e+07  1.430e+01
 2.200e+07  1.460e+01
 2.250e+07  1.490e+01
 2.300e+07  1.510e+01
 2.350e+07  1.540e+01
 2.400e+07  1.570e+01
 2.450e+07  1.590e+01
 2.500e+07  1.620e+01
-----------------------
