
efield[V/m]_vs_mu[m2/Vs]
AIR
COMMENT: Bolsig+
-----------------------
247200.394718516  0.082281422
271673.233795649  0.0795306173
298370.876425249  0.0770629837
327787.723396752  0.0747976152
359923.774710159  0.0726940587
395520.631549625  0.0708332202
434578.293915151  0.0691746468
477343.962201454  0.0674756204
524312.037197972  0.0660193121
575976.919694142  0.0646439097
632833.0104794    0.0633089604
695127.509948467  0.0620549171
763602.019285495  0.0608413268
838750.939279924  0.0596681895
921563.071510627  0.0584545992
1012285.61637232  0.057402821
1111907.37544388  0.0563105897
1221664.3506989   0.0550160934
1342050.94292682  0.0538429561
1474303.15410123  0.0529125369
1619409.785801    0.0517798526
1779101.24078916  0.0504853563
1954366.32064459  0.0497976551
2146935.42813031  0.0484222528
2358538.96600936  0.0477345516
2590660.13665005  0.0467232264
2845276.54321012  0.0459950722
3127084.99318922  0.0450242
3433613.48264018  0.0442555928
3772278.02340455  0.0434869856
4145550.61942951  0.0426374724
4553431.27071506  0.0417070531
5003335.98910276  0.040978899
5495264.77459261  0.0401657935
6036633.63902616  0.0393810051
6632386.59029778  0.0384950842
7284995.63235466  0.0376415257
8001876.77703836  0.0368607826
8790446.03619042  0.0359546351
9658119.42165241  0.0351496202
10609840.9413187  0.0342920164
11655498.610978   0.0333939596
12802508.4424719  0.0325606276
14065702.4594835  0.0316949332
15452496.6738544  0.0307968764
16972779.1013733  0.0299554538
18646325.7736176  0.0291221218
20483024.7063762  0.0282806992
22502651.9312265  0.0274473672
24720039.4718516  0.0266261711
-----------------------

efield[V/m]_vs_diff[m2/s]
AIR
COMMENT:
-----------------------
247200.394718516  0.0755257694
271673.233795649  0.0758089404
298370.876425249  0.0760112055
327787.723396752  0.0761730175
359923.774710159  0.0762943766
395520.631549625  0.0763752826
434578.293915151  0.0764157356
477343.962201454  0.0764157356
524312.037197972  0.0763752826
575976.919694142  0.0763348296
632833.0104794    0.0762539235
695127.509948467  0.0761325645
763602.019285495  0.0760112055
838750.939279924  0.0758898465
921563.071510627  0.0758493935
1012285.61637232  0.0758493935
1111907.37544388  0.0760112055
1221664.3506989   0.0764966416
1342050.94292682  0.0774270608
1474303.15410123  0.0789642752
1619409.785801    0.0813105498
1779101.24078916  0.0845467906
1954366.32064459  0.0889561686
2146935.42813031  0.0939318888
2358538.96600936  0.1003234644
2590660.13665005  0.1071195701
2845276.54321012  0.1145629239
3127084.99318922  0.1220467307
3433613.48264018  0.1299755206
3772278.02340455  0.1375402335
4145550.61942951  0.1450240403
4553431.27071506  0.151981958
5003335.98910276  0.1594253118
5495264.77459261  0.1664236825
6036633.63902616  0.1735434122
6632386.59029778  0.1803799709
7284995.63235466  0.1873783416
8001876.77703836  0.1946598834
8790446.03619042  0.2018200661
9658119.42165241  0.209546591
10609840.9413187  0.2173540219
11655498.610978   0.2254446238
12802508.4424719  0.2340206619
14065702.4594835  0.2429607771
15452496.6738544  0.2521436103
16972779.1013733  0.2620950508
18646325.7736176  0.2726128333
20483024.7063762  0.283616052
22502651.9312265  0.2952665188
24720039.4718516  0.3077260459
-----------------------

efield[V/m]_vs_alpha[1/m]
AIR
COMMENT: this is alpha_eff
-----------------------
247200.394718516  -1.35861336937296E-016
271673.233795649  -1.23254116806652E-016
298370.876425249  -1.11932338728544E-016
327787.723396752  -2.66729225901279E-007
359923.774710159  -2.67470827085434E-005
395520.631549625  -0.0001919017
434578.293915151  -0.0011712355
477343.962201454  -0.0058438141
524312.037197972  -0.0249917545
575976.919694142  -0.0912640534
632833.0104794    -0.297856356
695127.509948467  -0.8527031273
763602.019285495  -2.2131220978
838750.939279924  -5.2069722583
921563.071510627  -11.2104686844
1012285.61637232  -22.2705802007
1111907.37544388  -41.2519119492
1221664.3506989   -71.0795070966
1342050.94292682  -114.7215007822
1474303.15410123  -173.648389274
1619409.785801    -247.2448907896
1779101.24078916  -328.9248452125
1954366.32064459  -407.4356905751
2146935.42813031  -456.208328453
2358538.96600936  -455.6892076241
2590660.13665005  -355.9685683947
2845276.54321012  -107.0377709131
3127084.99318922  360.1709751049
3433613.48264018  1135.1442125474
3772278.02340455  2316.0204981178
4145550.61942951  4034.3104418062
4553431.27071506  6435.6150761018
5003335.98910276  9727.5827325683
5495264.77459261  14079.5456815878
6036633.63902616  19758.2331490615
6632386.59029778  26989.3390953675
7284995.63235466  36087.0552221931
8001876.77703836  47238.5122283401
8790446.03619042  60787.5658628619
9658119.42165241  77005.3949587648
10609840.9413187  96040.0725524853
11655498.610978   118236.443194656
12802508.4424719  143570.281246593
14065702.4594835  172312.51834091
15452496.6738544  204512.841756944
16972779.1013733  240097.091376279
18646325.7736176  278965.89264024
20483024.7063762  321268.30738684
22502651.9312265  366534.407665721
24720039.4718516  414763.946276488
-----------------------

efield[V/m]_vs_eta[1/m]
AIR
COMMENT: dummy
-----------------------
0.0             0.0
-----------------------
